Airport,Year,Month,Month_ID,Dom_Pax_In,Dom_Pax_Out,Dom_Pax_Total,Int_Pax_In,Int_Pax_Out,Int_Pax_Total,Pax_In,Pax_Out,Pax_Total
ADELAIDE,2015,JAN,1,271005,273323,544328,50816,40325,91141,321821,313648,635469
ADELAIDE,2015,FEB,2,255345,248620,503965,38274,30765,69039,293619,279385,573004
ADELAIDE,2015,MAR,3,291956,293217,585173,34114,36696,70810,326070,329913,655983
ADELAIDE,2015,APR,4,291914,294232,586146,33223,37246,70469,325137,331478,656615
ADELAIDE,2015,MAY,5,270553,272195,542748,31243,36424,67667,301796,308619,610415
ADELAIDE,2015,JUN,6,252967,252494,505461,32695,37826,70521,285662,290320,575982
ADELAIDE,2015,JUL,7,296045,302047,598092,40295,36893,77188,336340,338940,675280
ADELAIDE,2015,AUG,8,282798,277223,560021,35798,34901,70699,318596,312124,630720
ADELAIDE,2015,SEP,9,279982,283113,563095,35418,35682,71100,315400,318795,634195
ADELAIDE,2015,OCT,10,315821,304706,620527,39982,32407,72389,355803,337113,692916
ADELAIDE,2015,NOV,11,296138,294450,590588,30136,30705,60841,326274,325155,651429
ADELAIDE,2015,DEC,12,298324,301313,599637,36126,43398,79524,334450,344711,679161
ADELAIDE,2016,JAN,1,282520,284142,566662,44890,39537,84427,327410,323679,651089
ADELAIDE,2016,FEB,2,267124,259758,526882,35415,29381,64796,302539,289139,591678
ADELAIDE,2016,MAR,3,305728,298866,604594,32873,33552,66425,338601,332418,671019
ADELAIDE,2016,APR,4,291320,302867,594187,31541,36181,67722,322861,339048,661909
ADELAIDE,2016,MAY,5,281939,282036,563975,31336,37676,69012,313275,319712,632987
ADELAIDE,2016,JUN,6,269707,262566,532273,33289,39790,73079,302996,302356,605352
ADELAIDE,2016,JUL,7,300002,307952,607954,47258,43425,90683,347260,351377,698637
ADELAIDE,2016,AUG,8,284393,279860,564253,39027,40220,79247,323420,320080,643500
ADELAIDE,2016,SEP,9,293756,288573,582329,42085,41067,83152,335841,329640,665481
ADELAIDE,2016,OCT,10,317098,319192,636290,46341,35408,81749,363439,354600,718039
ADELAIDE,2016,NOV,11,304689,305932,610621,34776,36227,71003,339465,342159,681624
ADELAIDE,2016,DEC,12,304574,301400,605974,41707,51177,92884,346281,352577,698858
ADELAIDE,2017,JAN,1,292441,295396,587837,51344,42933,94277,343785,338329,682114
ADELAIDE,2017,FEB,2,265665,258284,523949,37838,30773,68611,303503,289057,592560
ADELAIDE,2017,MAR,3,309494,311591,621085,34763,36346,71109,344257,347937,692194
ADELAIDE,2017,APR,4,294726,296413,591139,34119,39693,73812,328845,336106,664951
ADELAIDE,2017,MAY,5,285884,284998,570882,33197,37924,71121,319081,322922,642003
ADELAIDE,2017,JUN,6,273329,272795,546124,34097,39198,73295,307426,311993,619419
ADELAIDE,2017,JUL,7,308341,310767,619108,46589,43123,89712,354930,353890,708820
ADELAIDE,2017,AUG,8,289066,285877,574943,42160,40424,82584,331226,326301,657527
ADELAIDE,2017,SEP,9,296741,294811,591552,44410,42623,87033,341151,337434,678585
ADELAIDE,2017,OCT,10,327412,326148,653560,46426,36194,82620,373838,362342,736180
ADELAIDE,2017,NOV,11,316350,311569,627919,37547,36871,74418,353897,348440,702337
ADELAIDE,2017,DEC,12,318458,322403,640861,42206,52177,94383,360664,374580,735244
ADELAIDE,2018,JAN,1,300307,304558,604865,58412,47172,105584,358719,351730,710449
ADELAIDE,2018,FEB,2,276851,270512,547363,40981,32712,73693,317832,303224,621056
ADELAIDE,2018,MAR,3,320101,318876,638977,37451,40042,77493,357552,358918,716470
ADELAIDE,2018,APR,4,311318,316660,627978,36246,41703,77949,347564,358363,705927
ADELAIDE,2018,MAY,5,294206,295304,589510,34981,39547,74528,329187,334851,664038
ADELAIDE,2018,JUN,6,279737,278632,558369,34610,43963,78573,314347,322595,636942
ADELAIDE,2018,JUL,7,318564,319765,638329,48394,42872,91266,366958,362637,729595
ADELAIDE,2018,AUG,8,303083,299851,602934,43581,43992,87573,346664,343843,690507
ADELAIDE,2018,SEP,9,300580,300750,601330,45590,43804,89394,346170,344554,690724
ADELAIDE,2018,OCT,10,329727,327636,657363,49784,38321,88105,379511,365957,745468
ADELAIDE,2018,NOV,11,317799,316175,633974,40957,41321,82278,358756,357496,716252
ADELAIDE,2018,DEC,12,309982,309368,619350,44574,54951,99525,354556,364319,718875
ADELAIDE,2019,JAN,1,293965,298986,592951,58221,49255,107476,352186,348241,700427
ADELAIDE,2019,FEB,2,278620,272735,551355,44990,35260,80250,323610,307995,631605
ADELAIDE,2019,MAR,3,314477,318070,632547,38857,39981,78838,353334,358051,711385
ADELAIDE,2019,APR,4,315393,315365,630758,40996,46294,87290,356389,361659,718048
ADELAIDE,2019,MAY,5,294271,296479,590750,38454,43024,81478,332725,339503,672228
ADELAIDE,2019,JUN,6,279068,275957,555025,40583,47455,88038,319651,323412,643063
ADELAIDE,2019,JUL,7,321154,325056,646210,55934,49299,105233,377088,374355,751443
ADELAIDE,2019,AUG,8,310165,307344,617509,49885,49320,99205,360050,356664,716714
ADELAIDE,2019,SEP,9,308230,308039,616269,53080,51858,104938,361310,359897,721207
ADELAIDE,2019,OCT,10,345636,343411,689047,55867,43338,99205,401503,386749,788252
ADELAIDE,2019,NOV,11,320697,322044,642741,43856,43075,86931,364553,365119,729672
ADELAIDE,2019,DEC,12,311283,311134,622417,48765,60945,109710,360048,372079,732127
ADELAIDE,2020,JAN,1,294269,298774,593043,63966,53541,117507,358235,352315,710550
ADELAIDE,2020,FEB,2,275909,266178,542087,41150,30615,71765,317059,296793,613852
ADELAIDE,2020,MAR,3,192633,193960,386593,23735,18459,42194,216368,212419,428787
ADELAIDE,2020,APR,4,5462,6383,11845,0,0,0,5462,6383,11845
ADELAIDE,2020,MAY,5,7273,8466,15739,0,0,0,7273,8466,15739
ADELAIDE,2020,JUN,6,12264,12993,25257,26,51,77,12290,13044,25334
ADELAIDE,2020,JUL,7,25774,27491,53265,350,313,663,26124,27804,53928
ADELAIDE,2020,AUG,8,36135,38427,74562,754,661,1415,36889,39088,75977
ALICE SPRINGS,2015,JAN,1,20600,18679,39279,0,0,0,20600,18679,39279
ALICE SPRINGS,2015,FEB,2,19528,19797,39325,0,0,0,19528,19797,39325
ALICE SPRINGS,2015,MAR,3,24043,22847,46890,0,0,0,24043,22847,46890
ALICE SPRINGS,2015,APR,4,24926,25494,50420,0,0,0,24926,25494,50420
ALICE SPRINGS,2015,MAY,5,23425,23866,47291,0,0,0,23425,23866,47291
ALICE SPRINGS,2015,JUN,6,24940,25491,50431,0,0,0,24940,25491,50431
ALICE SPRINGS,2015,JUL,7,29930,31118,61048,0,0,0,29930,31118,61048
ALICE SPRINGS,2015,AUG,8,28312,29387,57699,0,0,0,28312,29387,57699
ALICE SPRINGS,2015,SEP,9,25533,26219,51752,0,0,0,25533,26219,51752
ALICE SPRINGS,2015,OCT,10,27027,27745,54772,0,0,0,27027,27745,54772
ALICE SPRINGS,2015,NOV,11,25183,25315,50498,0,0,0,25183,25315,50498
ALICE SPRINGS,2015,DEC,12,20426,23679,44105,0,0,0,20426,23679,44105
ALICE SPRINGS,2016,JAN,1,21595,18953,40548,0,0,0,21595,18953,40548
ALICE SPRINGS,2016,FEB,2,21495,20697,42192,0,0,0,21495,20697,42192
ALICE SPRINGS,2016,MAR,3,25382,24926,50308,0,0,0,25382,24926,50308
ALICE SPRINGS,2016,APR,4,24991,24943,49934,0,0,0,24991,24943,49934
ALICE SPRINGS,2016,MAY,5,23863,24436,48299,0,0,0,23863,24436,48299
ALICE SPRINGS,2016,JUN,6,26273,25397,51670,0,0,0,26273,25397,51670
ALICE SPRINGS,2016,JUL,7,29511,31770,61281,0,0,0,29511,31770,61281
ALICE SPRINGS,2016,AUG,8,28224,29224,57448,0,0,0,28224,29224,57448
ALICE SPRINGS,2016,SEP,9,28047,28214,56261,0,0,0,28047,28214,56261
ALICE SPRINGS,2016,OCT,10,28695,29258,57953,0,0,0,28695,29258,57953
ALICE SPRINGS,2016,NOV,11,25078,25258,50336,0,0,0,25078,25258,50336
ALICE SPRINGS,2016,DEC,12,21308,24636,45944,0,0,0,21308,24636,45944
ALICE SPRINGS,2017,JAN,1,23339,20651,43990,0,0,0,23339,20651,43990
ALICE SPRINGS,2017,FEB,2,21339,19791,41130,0,0,0,21339,19791,41130
ALICE SPRINGS,2017,MAR,3,26452,25518,51970,0,0,0,26452,25518,51970
ALICE SPRINGS,2017,APR,4,25998,25917,51915,0,0,0,25998,25917,51915
ALICE SPRINGS,2017,MAY,5,23998,25200,49198,0,0,0,23998,25200,49198
ALICE SPRINGS,2017,JUN,6,24817,24944,49761,0,0,0,24817,24944,49761
ALICE SPRINGS,2017,JUL,7,29303,30966,60269,0,0,0,29303,30966,60269
ALICE SPRINGS,2017,AUG,8,28246,29708,57954,0,0,0,28246,29708,57954
ALICE SPRINGS,2017,SEP,9,27367,26968,54335,0,0,0,27367,26968,54335
ALICE SPRINGS,2017,OCT,10,28221,29117,57338,0,0,0,28221,29117,57338
ALICE SPRINGS,2017,NOV,11,27147,27411,54558,0,0,0,27147,27411,54558
ALICE SPRINGS,2017,DEC,12,21672,24404,46076,0,0,0,21672,24404,46076
ALICE SPRINGS,2018,JAN,1,22657,19718,42375,0,0,0,22657,19718,42375
ALICE SPRINGS,2018,FEB,2,21131,20168,41299,0,0,0,21131,20168,41299
ALICE SPRINGS,2018,MAR,3,25972,25001,50973,0,0,0,25972,25001,50973
ALICE SPRINGS,2018,APR,4,24433,24367,48800,0,0,0,24433,24367,48800
ALICE SPRINGS,2018,MAY,5,24611,25403,50014,0,0,0,24611,25403,50014
ALICE SPRINGS,2018,JUN,6,25678,25389,51067,0,0,0,25678,25389,51067
ALICE SPRINGS,2018,JUL,7,31115,32572,63687,0,0,0,31115,32572,63687
ALICE SPRINGS,2018,AUG,8,29020,31157,60177,0,0,0,29020,31157,60177
ALICE SPRINGS,2018,SEP,9,28198,28500,56698,0,0,0,28198,28500,56698
ALICE SPRINGS,2018,OCT,10,28754,29437,58191,0,0,0,28754,29437,58191
ALICE SPRINGS,2018,NOV,11,26065,26941,53006,0,0,0,26065,26941,53006
ALICE SPRINGS,2018,DEC,12,20736,24389,45125,0,0,0,20736,24389,45125
ALICE SPRINGS,2019,JAN,1,21423,18851,40274,0,0,0,21423,18851,40274
ALICE SPRINGS,2019,FEB,2,20030,19066,39096,0,0,0,20030,19066,39096
ALICE SPRINGS,2019,MAR,3,24544,23907,48451,0,0,0,24544,23907,48451
ALICE SPRINGS,2019,APR,4,23250,24027,47277,0,0,0,23250,24027,47277
ALICE SPRINGS,2019,MAY,5,22088,22497,44585,0,0,0,22088,22497,44585
ALICE SPRINGS,2019,JUN,6,23733,23666,47399,0,0,0,23733,23666,47399
ALICE SPRINGS,2019,JUL,7,27631,29299,56930,0,0,0,27631,29299,56930
ALICE SPRINGS,2019,AUG,8,26014,27540,53554,0,0,0,26014,27540,53554
ALICE SPRINGS,2019,SEP,9,24569,25098,49667,0,0,0,24569,25098,49667
ALICE SPRINGS,2019,OCT,10,25194,26160,51354,0,0,0,25194,26160,51354
ALICE SPRINGS,2019,NOV,11,20511,20959,41470,0,0,0,20511,20959,41470
ALICE SPRINGS,2019,DEC,12,15495,18992,34487,0,0,0,15495,18992,34487
ALICE SPRINGS,2020,JAN,1,16932,13908,30840,0,0,0,16932,13908,30840
ALICE SPRINGS,2020,FEB,2,14658,13992,28650,0,0,0,14658,13992,28650
ALICE SPRINGS,2020,MAR,3,12606,11508,24114,0,0,0,12606,11508,24114
ALICE SPRINGS,2020,APR,4,1481,1537,3018,0,0,0,1481,1537,3018
ALICE SPRINGS,2020,MAY,5,1623,1725,3348,0,0,0,1623,1725,3348
ALICE SPRINGS,2020,JUN,6,2939,3052,5991,0,0,0,2939,3052,5991
ALICE SPRINGS,2020,JUL,7,5697,5819,11516,0,0,0,5697,5819,11516
ALICE SPRINGS,2020,AUG,8,8541,8448,16989,0,0,0,8541,8448,16989
AYERS ROCK,2015,JAN,1,11214,11416,22630,0,0,0,11214,11416,22630
AYERS ROCK,2015,FEB,2,11190,11367,22557,0,0,0,11190,11367,22557
AYERS ROCK,2015,MAR,3,13839,13962,27801,0,0,0,13839,13962,27801
AYERS ROCK,2015,APR,4,12474,13089,25563,0,0,0,12474,13089,25563
AYERS ROCK,2015,MAY,5,11565,11275,22840,0,0,0,11565,11275,22840
AYERS ROCK,2015,JUN,6,12427,11218,23645,0,0,0,12427,11218,23645
AYERS ROCK,2015,JUL,7,14754,14498,29252,0,0,0,14754,14498,29252
AYERS ROCK,2015,AUG,8,15660,15208,30868,0,0,0,15660,15208,30868
AYERS ROCK,2015,SEP,9,14654,14406,29060,0,0,0,14654,14406,29060
AYERS ROCK,2015,OCT,10,15048,15750,30798,0,0,0,15048,15750,30798
AYERS ROCK,2015,NOV,11,13582,14524,28106,0,0,0,13582,14524,28106
AYERS ROCK,2015,DEC,12,11864,11792,23656,0,0,0,11864,11792,23656
AYERS ROCK,2016,JAN,1,12088,12826,24914,0,0,0,12088,12826,24914
AYERS ROCK,2016,FEB,2,12828,13517,26345,0,0,0,12828,13517,26345
AYERS ROCK,2016,MAR,3,14522,15348,29870,0,0,0,14522,15348,29870
AYERS ROCK,2016,APR,4,14374,14743,29117,0,0,0,14374,14743,29117
AYERS ROCK,2016,MAY,5,13826,14101,27927,0,0,0,13826,14101,27927
AYERS ROCK,2016,JUN,6,14788,14221,29009,0,0,0,14788,14221,29009
AYERS ROCK,2016,JUL,7,16767,16289,33056,0,0,0,16767,16289,33056
AYERS ROCK,2016,AUG,8,17655,17418,35073,0,0,0,17655,17418,35073
AYERS ROCK,2016,SEP,9,16666,16427,33093,0,0,0,16666,16427,33093
AYERS ROCK,2016,OCT,10,16506,17096,33602,0,0,0,16506,17096,33602
AYERS ROCK,2016,NOV,11,15427,16122,31549,0,0,0,15427,16122,31549
AYERS ROCK,2016,DEC,12,12796,13055,25851,0,0,0,12796,13055,25851
AYERS ROCK,2017,JAN,1,13595,13889,27484,0,0,0,13595,13889,27484
AYERS ROCK,2017,FEB,2,13097,14211,27308,0,0,0,13097,14211,27308
AYERS ROCK,2017,MAR,3,15924,16846,32770,0,0,0,15924,16846,32770
AYERS ROCK,2017,APR,4,15090,15462,30552,0,0,0,15090,15462,30552
AYERS ROCK,2017,MAY,5,13635,13798,27433,0,0,0,13635,13798,27433
AYERS ROCK,2017,JUN,6,14012,13035,27047,0,0,0,14012,13035,27047
AYERS ROCK,2017,JUL,7,16475,15930,32405,0,0,0,16475,15930,32405
AYERS ROCK,2017,AUG,8,17418,16880,34298,0,0,0,17418,16880,34298
AYERS ROCK,2017,SEP,9,15878,15558,31436,0,0,0,15878,15558,31436
AYERS ROCK,2017,OCT,10,16779,17928,34707,0,0,0,16779,17928,34707
AYERS ROCK,2017,NOV,11,15639,16429,32068,0,0,0,15639,16429,32068
AYERS ROCK,2017,DEC,12,14230,14226,28456,0,0,0,14230,14226,28456
AYERS ROCK,2018,JAN,1,13809,14529,28338,0,0,0,13809,14529,28338
AYERS ROCK,2018,FEB,2,14089,14913,29002,0,0,0,14089,14913,29002
AYERS ROCK,2018,MAR,3,16997,17534,34531,0,0,0,16997,17534,34531
AYERS ROCK,2018,APR,4,16637,17392,34029,0,0,0,16637,17392,34029
AYERS ROCK,2018,MAY,5,15270,15684,30954,0,0,0,15270,15684,30954
AYERS ROCK,2018,JUN,6,15554,14488,30042,0,0,0,15554,14488,30042
AYERS ROCK,2018,JUL,7,19246,18645,37891,0,0,0,19246,18645,37891
AYERS ROCK,2018,AUG,8,21807,21344,43151,0,0,0,21807,21344,43151
AYERS ROCK,2018,SEP,9,20382,19864,40246,0,0,0,20382,19864,40246
AYERS ROCK,2018,OCT,10,20343,20880,41223,0,0,0,20343,20880,41223
AYERS ROCK,2018,NOV,11,18000,18611,36611,0,0,0,18000,18611,36611
AYERS ROCK,2018,DEC,12,15225,15073,30298,0,0,0,15225,15073,30298
AYERS ROCK,2019,JAN,1,15575,15735,31310,0,0,0,15575,15735,31310
AYERS ROCK,2019,FEB,2,14517,15072,29589,0,0,0,14517,15072,29589
AYERS ROCK,2019,MAR,3,18743,19306,38049,0,0,0,18743,19306,38049
AYERS ROCK,2019,APR,4,22273,21836,44109,0,0,0,22273,21836,44109
AYERS ROCK,2019,MAY,5,21257,21278,42535,0,0,0,21257,21278,42535
AYERS ROCK,2019,JUN,6,21159,20680,41839,0,0,0,21159,20680,41839
AYERS ROCK,2019,JUL,7,24629,24439,49068,0,0,0,24629,24439,49068
AYERS ROCK,2019,AUG,8,25625,25111,50736,0,0,0,25625,25111,50736
AYERS ROCK,2019,SEP,9,23849,23447,47296,0,0,0,23849,23447,47296
AYERS ROCK,2019,OCT,10,23820,24440,48260,0,0,0,23820,24440,48260
AYERS ROCK,2019,NOV,11,18129,19138,37267,0,0,0,18129,19138,37267
AYERS ROCK,2019,DEC,12,14926,14604,29530,0,0,0,14926,14604,29530
AYERS ROCK,2020,JAN,1,14817,15125,29942,0,0,0,14817,15125,29942
AYERS ROCK,2020,FEB,2,13069,13499,26568,0,0,0,13069,13499,26568
AYERS ROCK,2020,MAR,3,9540,11619,21159,0,0,0,9540,11619,21159
AYERS ROCK,2020,APR,4,0,0,0,0,0,0,0,0,0
AYERS ROCK,2020,MAY,5,0,0,0,0,0,0,0,0,0
AYERS ROCK,2020,JUN,6,0,0,0,0,0,0,0,0,0
AYERS ROCK,2020,JUL,7,0,0,0,0,0,0,0,0,0
AYERS ROCK,2020,AUG,8,0,0,0,0,0,0,0,0,0
BALLINA,2015,JAN,1,21764,23672,45436,0,0,0,21764,23672,45436
BALLINA,2015,FEB,2,15486,15959,31445,0,0,0,15486,15959,31445
BALLINA,2015,MAR,3,18102,17984,36086,0,0,0,18102,17984,36086
BALLINA,2015,APR,4,19599,20173,39772,0,0,0,19599,20173,39772
BALLINA,2015,MAY,5,15937,16216,32153,0,0,0,15937,16216,32153
BALLINA,2015,JUN,6,16250,16135,32385,0,0,0,16250,16135,32385
BALLINA,2015,JUL,7,18513,19000,37513,0,0,0,18513,19000,37513
BALLINA,2015,AUG,8,17107,17073,34180,0,0,0,17107,17073,34180
BALLINA,2015,SEP,9,21295,20346,41641,0,0,0,21295,20346,41641
BALLINA,2015,OCT,10,21492,22587,44079,0,0,0,21492,22587,44079
BALLINA,2015,NOV,11,18420,18281,36701,0,0,0,18420,18281,36701
BALLINA,2015,DEC,12,22277,21230,43507,0,0,0,22277,21230,43507
BALLINA,2016,JAN,1,22620,24286,46906,0,0,0,22620,24286,46906
BALLINA,2016,FEB,2,18248,18346,36594,0,0,0,18248,18346,36594
BALLINA,2016,MAR,3,21013,20676,41689,0,0,0,21013,20676,41689
BALLINA,2016,APR,4,19736,20262,39998,0,0,0,19736,20262,39998
BALLINA,2016,MAY,5,16647,17018,33665,0,0,0,16647,17018,33665
BALLINA,2016,JUN,6,16601,15990,32591,0,0,0,16601,15990,32591
BALLINA,2016,JUL,7,20878,21002,41880,0,0,0,20878,21002,41880
BALLINA,2016,AUG,8,16839,17001,33840,0,0,0,16839,17001,33840
BALLINA,2016,SEP,9,22038,20627,42665,0,0,0,22038,20627,42665
BALLINA,2016,OCT,10,23453,23982,47435,0,0,0,23453,23982,47435
BALLINA,2016,NOV,11,20317,20018,40335,0,0,0,20317,20018,40335
BALLINA,2016,DEC,12,25920,24405,50325,0,0,0,25920,24405,50325
BALLINA,2017,JAN,1,24867,27034,51901,0,0,0,24867,27034,51901
BALLINA,2017,FEB,2,18510,18387,36897,0,0,0,18510,18387,36897
BALLINA,2017,MAR,3,20445,20625,41070,0,0,0,20445,20625,41070
BALLINA,2017,APR,4,24319,24171,48490,0,0,0,24319,24171,48490
BALLINA,2017,MAY,5,16786,17416,34202,0,0,0,16786,17416,34202
BALLINA,2017,JUN,6,17159,16600,33759,0,0,0,17159,16600,33759
BALLINA,2017,JUL,7,20665,20831,41496,0,0,0,20665,20831,41496
BALLINA,2017,AUG,8,16863,16984,33847,0,0,0,16863,16984,33847
BALLINA,2017,SEP,9,22647,21343,43990,0,0,0,22647,21343,43990
BALLINA,2017,OCT,10,24283,25312,49595,0,0,0,24283,25312,49595
BALLINA,2017,NOV,11,21524,21530,43054,0,0,0,21524,21530,43054
BALLINA,2017,DEC,12,26533,24745,51278,0,0,0,26533,24745,51278
BALLINA,2018,JAN,1,27192,29470,56662,0,0,0,27192,29470,56662
BALLINA,2018,FEB,2,20782,20844,41626,0,0,0,20782,20844,41626
BALLINA,2018,MAR,3,22795,21894,44689,0,0,0,22795,21894,44689
BALLINA,2018,APR,4,23004,24426,47430,0,0,0,23004,24426,47430
BALLINA,2018,MAY,5,18588,18802,37390,0,0,0,18588,18802,37390
BALLINA,2018,JUN,6,18215,17502,35717,0,0,0,18215,17502,35717
BALLINA,2018,JUL,7,22997,23183,46180,0,0,0,22997,23183,46180
BALLINA,2018,AUG,8,20039,20084,40123,0,0,0,20039,20084,40123
BALLINA,2018,SEP,9,21971,20995,42966,0,0,0,21971,20995,42966
BALLINA,2018,OCT,10,25099,25794,50893,0,0,0,25099,25794,50893
BALLINA,2018,NOV,11,21694,21290,42984,0,0,0,21694,21290,42984
BALLINA,2018,DEC,12,26557,24963,51520,0,0,0,26557,24963,51520
BALLINA,2019,JAN,1,27119,29344,56463,0,0,0,27119,29344,56463
BALLINA,2019,FEB,2,18999,19168,38167,0,0,0,18999,19168,38167
BALLINA,2019,MAR,3,22612,22596,45208,0,0,0,22612,22596,45208
BALLINA,2019,APR,4,24051,23949,48000,0,0,0,24051,23949,48000
BALLINA,2019,MAY,5,18031,18257,36288,0,0,0,18031,18257,36288
BALLINA,2019,JUN,6,17894,17387,35281,0,0,0,17894,17387,35281
BALLINA,2019,JUL,7,22932,23029,45961,0,0,0,22932,23029,45961
BALLINA,2019,AUG,8,19791,19809,39600,0,0,0,19791,19809,39600
BALLINA,2019,SEP,9,22424,21109,43533,0,0,0,22424,21109,43533
BALLINA,2019,OCT,10,23850,24551,48401,0,0,0,23850,24551,48401
BALLINA,2019,NOV,11,22416,22485,44901,0,0,0,22416,22485,44901
BALLINA,2019,DEC,12,27028,24448,51476,0,0,0,27028,24448,51476
BALLINA,2020,JAN,1,27390,30186,57576,0,0,0,27390,30186,57576
BALLINA,2020,FEB,2,20690,20309,40999,0,0,0,20690,20309,40999
BALLINA,2020,MAR,3,13835,14568,28403,0,0,0,13835,14568,28403
BALLINA,2020,APR,4,195,182,377,0,0,0,195,182,377
BALLINA,2020,MAY,5,1257,1272,2529,0,0,0,1257,1272,2529
BALLINA,2020,JUN,6,4322,3587,7909,0,0,0,4322,3587,7909
BALLINA,2020,JUL,7,15858,15370,31228,0,0,0,15858,15370,31228
BALLINA,2020,AUG,8,13248,13906,27154,0,0,0,13248,13906,27154
BRISBANE,2015,JAN,1,649819,670411,1320230,259107,217528,476635,908926,887939,1796865
BRISBANE,2015,FEB,2,594295,594204,1188499,204702,186053,390755,798997,780257,1579254
BRISBANE,2015,MAR,3,697493,691926,1389419,205557,209665,415222,903050,901591,1804641
BRISBANE,2015,APR,4,691971,694729,1386700,205882,212965,418847,897853,907694,1805547
BRISBANE,2015,MAY,5,668512,665042,1333554,189075,198431,387506,857587,863473,1721060
BRISBANE,2015,JUN,6,665708,666152,1331860,194338,219792,414130,860046,885944,1745990
BRISBANE,2015,JUL,7,772477,755862,1528339,246477,216603,463080,1018954,972465,1991419
BRISBANE,2015,AUG,8,701345,703706,1405051,217948,232266,450214,919293,935972,1855265
BRISBANE,2015,SEP,9,734237,724209,1458446,222465,226764,449229,956702,950973,1907675
BRISBANE,2015,OCT,10,752480,761055,1513535,242288,216271,458559,994768,977326,1972094
BRISBANE,2015,NOV,11,716798,726921,1443719,202450,210900,413350,919248,937821,1857069
BRISBANE,2015,DEC,12,754152,733470,1487622,232652,268343,500995,986804,1001813,1988617
BRISBANE,2016,JAN,1,668003,684524,1352527,272608,233848,506456,940611,918372,1858983
BRISBANE,2016,FEB,2,627222,628947,1256169,212385,196486,408871,839607,825433,1665040
BRISBANE,2016,MAR,3,710475,717302,1427777,207898,219618,427516,918373,936920,1855293
BRISBANE,2016,APR,4,698082,690470,1388552,212414,207393,419807,910496,897863,1808359
BRISBANE,2016,MAY,5,684637,680157,1364794,192720,200906,393626,877357,881063,1758420
BRISBANE,2016,JUN,6,686183,685336,1371519,201824,228594,430418,888007,913930,1801937
BRISBANE,2016,JUL,7,774563,759615,1534178,265175,226192,491367,1039738,985807,2025545
BRISBANE,2016,AUG,8,717033,719211,1436244,221238,238799,460037,938271,958010,1896281
BRISBANE,2016,SEP,9,751149,738748,1489897,235700,237262,472962,986849,976010,1962859
BRISBANE,2016,OCT,10,745465,757564,1503029,251916,231523,483439,997381,989087,1986468
BRISBANE,2016,NOV,11,715585,722357,1437942,212287,226400,438687,927872,948757,1876629
BRISBANE,2016,DEC,12,760279,732945,1493224,242936,273622,516558,1003215,1006567,2009782
BRISBANE,2017,JAN,1,679191,700014,1379205,280306,243488,523794,959497,943502,1902999
BRISBANE,2017,FEB,2,603110,607321,1210431,217270,195290,412560,820380,802611,1622991
BRISBANE,2017,MAR,3,704824,700905,1405729,215447,224530,439977,920271,925435,1845706
BRISBANE,2017,APR,4,700334,701979,1402313,236642,240158,476800,936976,942137,1879113
BRISBANE,2017,MAY,5,693729,679803,1373532,207596,219433,427029,901325,899236,1800561
BRISBANE,2017,JUN,6,692620,694779,1387399,216431,240442,456873,909051,935221,1844272
BRISBANE,2017,JUL,7,785638,777468,1563106,272272,237677,509949,1057910,1015145,2073055
BRISBANE,2017,AUG,8,732144,735371,1467515,233723,250234,483957,965867,985605,1951472
BRISBANE,2017,SEP,9,757027,737443,1494470,245888,248264,494152,1002915,985707,1988622
BRISBANE,2017,OCT,10,764991,789151,1554142,260136,234779,494915,1025127,1023930,2049057
BRISBANE,2017,NOV,11,738661,741905,1480566,222363,235437,457800,961024,977342,1938366
BRISBANE,2017,DEC,12,763468,738050,1501518,257004,294531,551535,1020472,1032581,2053053
BRISBANE,2018,JAN,1,681869,696460,1378329,296079,248966,545045,977948,945426,1923374
BRISBANE,2018,FEB,2,627502,632036,1259538,231627,211703,443330,859129,843739,1702868
BRISBANE,2018,MAR,3,732614,724871,1457485,241454,245843,487297,974068,970714,1944782
BRISBANE,2018,APR,4,702211,701528,1403739,243330,247399,490729,945541,948927,1894468
BRISBANE,2018,MAY,5,705597,704367,1409964,222438,234141,456579,928035,938508,1866543
BRISBANE,2018,JUN,6,684834,679775,1364609,230782,257206,487988,915616,936981,1852597
BRISBANE,2018,JUL,7,803426,793303,1596729,297336,255284,552620,1100762,1048587,2149349
BRISBANE,2018,AUG,8,756649,754898,1511547,256833,277712,534545,1013482,1032610,2046092
BRISBANE,2018,SEP,9,732027,722595,1454622,257304,271474,528778,989331,994069,1983400
BRISBANE,2018,OCT,10,775645,787653,1563298,284433,248094,532527,1060078,1035747,2095825
BRISBANE,2018,NOV,11,745591,744689,1490280,231942,246721,478663,977533,991410,1968943
BRISBANE,2018,DEC,12,744079,720310,1464389,265519,308614,574133,1009598,1028924,2038522
BRISBANE,2019,JAN,1,680091,694414,1374505,317314,268620,585934,997405,963034,1960439
BRISBANE,2019,FEB,2,616250,622404,1238654,242960,216993,459953,859210,839397,1698607
BRISBANE,2019,MAR,3,716941,707741,1424682,236208,242477,478685,953149,950218,1903367
BRISBANE,2019,APR,4,729676,729399,1459075,253286,268696,521982,982962,998095,1981057
BRISBANE,2019,MAY,5,713574,705242,1418816,239373,246644,486017,952947,951886,1904833
BRISBANE,2019,JUN,6,688110,690716,1378826,242225,271760,513985,930335,962476,1892811
BRISBANE,2019,JUL,7,807079,791137,1598216,313718,267968,581686,1120797,1059105,2179902
BRISBANE,2019,AUG,8,767014,761185,1528199,272091,295442,567533,1039105,1056627,2095732
BRISBANE,2019,SEP,9,760862,757044,1517906,262254,278326,540580,1023116,1035370,2058486
BRISBANE,2019,OCT,10,807162,817472,1624634,295301,259813,555114,1102463,1077285,2179748
BRISBANE,2019,NOV,11,746493,752828,1499321,255212,266720,521932,1001705,1019548,2021253
BRISBANE,2019,DEC,12,773116,744192,1517308,284412,327751,612163,1057528,1071943,2129471
BRISBANE,2020,JAN,1,707885,734476,1442361,333471,283668,617139,1041356,1018144,2059500
BRISBANE,2020,FEB,2,606981,612685,1219666,223875,197282,421157,830856,809967,1640823
BRISBANE,2020,MAR,3,445000,440149,885149,138690,125177,263867,583690,565326,1149016
BRISBANE,2020,APR,4,26799,28101,54900,2379,6582,8961,29178,34683,63861
BRISBANE,2020,MAY,5,32659,32637,65296,1809,2679,4488,34468,35316,69784
BRISBANE,2020,JUN,6,71393,76000,147393,4496,5537,10033,75889,81537,157426
BRISBANE,2020,JUL,7,178059,169412,347471,3985,7081,11066,182044,176493,358537
BRISBANE,2020,AUG,8,139600,144750,284350,2853,8057,10910,142453,152807,295260
CAIRNS,2015,JAN,1,152476,165203,317679,22204,20752,42956,174680,185955,360635
CAIRNS,2015,FEB,2,140012,144177,284189,24375,20661,45036,164387,164838,329225
CAIRNS,2015,MAR,3,142490,140180,282670,19341,21334,40675,161831,161514,323345
CAIRNS,2015,APR,4,155106,159990,315096,18491,19824,38315,173597,179814,353411
CAIRNS,2015,MAY,5,145872,144667,290539,17628,19137,36765,163500,163804,327304
CAIRNS,2015,JUN,6,166490,152862,319352,17394,19542,36936,183884,172404,356288
CAIRNS,2015,JUL,7,192616,197402,390018,28199,23289,51488,220815,220691,441506
CAIRNS,2015,AUG,8,181781,189008,370789,27312,30336,57648,209093,219344,428437
CAIRNS,2015,SEP,9,180672,171210,351882,23846,26196,50042,204518,197406,401924
CAIRNS,2015,OCT,10,178571,187352,365923,25590,23096,48686,204161,210448,414609
CAIRNS,2015,NOV,11,165109,167707,332816,21836,23067,44903,186945,190774,377719
CAIRNS,2015,DEC,12,182390,171966,354356,24899,27384,52283,207289,199350,406639
CAIRNS,2016,JAN,1,166392,180143,346535,28354,25600,53954,194746,205743,400489
CAIRNS,2016,FEB,2,147359,150684,298043,29128,28700,57828,176487,179384,355871
CAIRNS,2016,MAR,3,161725,158261,319986,26429,29816,56245,188154,188077,376231
CAIRNS,2016,APR,4,158962,163293,322255,25976,25867,51843,184938,189160,374098
CAIRNS,2016,MAY,5,153667,154045,307712,18986,22772,41758,172653,176817,349470
CAIRNS,2016,JUN,6,177835,162796,340631,20267,23078,43345,198102,185874,383976
CAIRNS,2016,JUL,7,205259,208746,414005,28946,24878,53824,234205,233624,467829
CAIRNS,2016,AUG,8,189152,195768,384920,28342,33282,61624,217494,229050,446544
CAIRNS,2016,SEP,9,191670,182330,374000,27185,29632,56817,218855,211962,430817
CAIRNS,2016,OCT,10,190492,197416,387908,27703,26910,54613,218195,224326,442521
CAIRNS,2016,NOV,11,171693,174915,346608,23821,26864,50685,195514,201779,397293
CAIRNS,2016,DEC,12,188179,177439,365618,28437,31320,59757,216616,208759,425375
CAIRNS,2017,JAN,1,179645,190243,369888,31070,29762,60832,210715,220005,430720
CAIRNS,2017,FEB,2,136709,142652,279361,24322,24762,49084,161031,167414,328445
CAIRNS,2017,MAR,3,159059,158396,317455,27174,30646,57820,186233,189042,375275
CAIRNS,2017,APR,4,181848,180316,362164,24815,27684,52499,206663,208000,414663
CAIRNS,2017,MAY,5,155382,157929,313311,19798,24128,43926,175180,182057,357237
CAIRNS,2017,JUN,6,173798,161089,334887,22086,24497,46583,195884,185586,381470
CAIRNS,2017,JUL,7,208892,213575,422467,31200,26249,57449,240092,239824,479916
CAIRNS,2017,AUG,8,190495,196881,387376,30565,36935,67500,221060,233816,454876
CAIRNS,2017,SEP,9,192190,182477,374667,27687,28833,56520,219877,211310,431187
CAIRNS,2017,OCT,10,193857,204903,398760,27636,27173,54809,221493,232076,453569
CAIRNS,2017,NOV,11,174737,176302,351039,24211,27170,51381,198948,203472,402420
CAIRNS,2017,DEC,12,187915,179021,366936,29556,34214,63770,217471,213235,430706
CAIRNS,2018,JAN,1,174815,189015,363830,33610,29869,63479,208425,218884,427309
CAIRNS,2018,FEB,2,148120,153832,301952,29756,28672,58428,177876,182504,360380
CAIRNS,2018,MAR,3,166498,160548,327046,28706,30677,59383,195204,191225,386429
CAIRNS,2018,APR,4,169060,177203,346263,24471,25518,49989,193531,202721,396252
CAIRNS,2018,MAY,5,160164,161252,321416,20491,23509,44000,180655,184761,365416
CAIRNS,2018,JUN,6,172358,162744,335102,22089,23370,45459,194447,186114,380561
CAIRNS,2018,JUL,7,210462,214490,424952,32402,27031,59433,242864,241521,484385
CAIRNS,2018,AUG,8,196958,203255,400213,33261,36904,70165,230219,240159,470378
CAIRNS,2018,SEP,9,186993,181215,368208,26298,27264,53562,213291,208479,421770
CAIRNS,2018,OCT,10,191602,202568,394170,28446,26124,54570,220048,228692,448740
CAIRNS,2018,NOV,11,169838,173124,342962,22546,22310,44856,192384,195434,387818
CAIRNS,2018,DEC,12,182221,174912,357133,28415,30812,59227,210636,205724,416360
CAIRNS,2019,JAN,1,165466,182593,348059,35119,28466,63585,200585,211059,411644
CAIRNS,2019,FEB,2,137677,144222,281899,30795,25815,56610,168472,170037,338509
CAIRNS,2019,MAR,3,148353,148820,297173,27643,27018,54661,175996,175838,351834
CAIRNS,2019,APR,4,174165,174537,348702,26308,26781,53089,200473,201318,401791
CAIRNS,2019,MAY,5,155803,156734,312537,21257,24427,45684,177060,181161,358221
CAIRNS,2019,JUN,6,165242,156860,322102,22586,22671,45257,187828,179531,367359
CAIRNS,2019,JUL,7,202599,207474,410073,32703,26768,59471,235302,234242,469544
CAIRNS,2019,AUG,8,186770,193366,380136,31853,35300,67153,218623,228666,447289
CAIRNS,2019,SEP,9,179272,175399,354671,27488,27903,55391,206760,203302,410062
CAIRNS,2019,OCT,10,186674,198083,384757,29088,24945,54033,215762,223028,438790
CAIRNS,2019,NOV,11,166611,170095,336706,21997,22149,44146,188608,192244,380852
CAIRNS,2019,DEC,12,178108,171434,349542,25408,27336,52744,203516,198770,402286
CAIRNS,2020,JAN,1,167386,180829,348215,28638,24465,53103,196024,205294,401318
CAIRNS,2020,FEB,2,112318,121118,233436,24070,19120,43190,136388,140238,276626
CAIRNS,2020,MAR,3,87371,93860,181231,10976,10079,21055,98347,103939,202286
CAIRNS,2020,APR,4,3459,3967,7426,30,24,54,3489,3991,7480
CAIRNS,2020,MAY,5,4457,4324,8781,37,55,92,4494,4379,8873
CAIRNS,2020,JUN,6,13751,12639,26390,102,144,246,13853,12783,26636
CAIRNS,2020,JUL,7,54621,49769,104390,53,72,125,54674,49841,104515
CAIRNS,2020,AUG,8,47105,50717,97822,79,58,137,47184,50775,97959
CANBERRA,2015,JAN,1,94689,86462,181151,0,0,0,94689,86462,181151
CANBERRA,2015,FEB,2,104237,100964,205201,0,0,0,104237,100964,205201
CANBERRA,2015,MAR,3,126132,125655,251787,0,0,0,126132,125655,251787
CANBERRA,2015,APR,4,114563,117067,231630,0,0,0,114563,117067,231630
CANBERRA,2015,MAY,5,120603,121584,242187,0,0,0,120603,121584,242187
CANBERRA,2015,JUN,6,118741,118659,237400,0,0,0,118741,118659,237400
CANBERRA,2015,JUL,7,123396,123872,247268,0,0,0,123396,123872,247268
CANBERRA,2015,AUG,8,121935,119718,241653,0,0,0,121935,119718,241653
CANBERRA,2015,SEP,9,121215,122296,243511,0,0,0,121215,122296,243511
CANBERRA,2015,OCT,10,126705,122960,249665,0,0,0,126705,122960,249665
CANBERRA,2015,NOV,11,127260,123247,250507,0,0,0,127260,123247,250507
CANBERRA,2015,DEC,12,107340,116006,223346,0,0,0,107340,116006,223346
CANBERRA,2016,JAN,1,95222,85827,181049,0,0,0,95222,85827,181049
CANBERRA,2016,FEB,2,113441,110029,223470,0,0,0,113441,110029,223470
CANBERRA,2016,MAR,3,125542,126699,252241,0,0,0,125542,126699,252241
CANBERRA,2016,APR,4,118371,122047,240418,0,0,0,118371,122047,240418
CANBERRA,2016,MAY,5,121205,120895,242100,0,0,0,121205,120895,242100
CANBERRA,2016,JUN,6,116467,119291,235758,0,0,0,116467,119291,235758
CANBERRA,2016,JUL,7,124246,122447,246693,0,0,0,124246,122447,246693
CANBERRA,2016,AUG,8,126885,123817,250702,0,0,0,126885,123817,250702
CANBERRA,2016,SEP,9,123755,129234,252989,1421,1784,3205,125176,131018,256194
CANBERRA,2016,OCT,10,131890,124676,256566,3821,3174,6995,135711,127850,263561
CANBERRA,2016,NOV,11,134343,131391,265734,3393,3274,6667,137736,134665,272401
CANBERRA,2016,DEC,12,113363,124710,238073,2743,4161,6904,116106,128871,244977
CANBERRA,2017,JAN,1,101509,90217,191726,4665,3403,8068,106174,93620,199794
CANBERRA,2017,FEB,2,114565,110886,225451,3255,2652,5907,117820,113538,231358
CANBERRA,2017,MAR,3,135406,138246,273652,3369,3140,6509,138775,141386,280161
CANBERRA,2017,APR,4,118282,119097,237379,3961,3427,7388,122243,122524,244767
CANBERRA,2017,MAY,5,128920,129619,258539,2794,2737,5531,131714,132356,264070
CANBERRA,2017,JUN,6,123485,128500,251985,3031,3727,6758,126516,132227,258743
CANBERRA,2017,JUL,7,131376,127611,258987,3918,2969,6887,135294,130580,265874
CANBERRA,2017,AUG,8,131056,131328,262384,3477,3076,6553,134533,134404,268937
CANBERRA,2017,SEP,9,131749,135681,267430,3582,3692,7274,135331,139373,274704
CANBERRA,2017,OCT,10,139380,132630,272010,4306,3250,7556,143686,135880,279566
CANBERRA,2017,NOV,11,138446,137892,276338,3759,3404,7163,142205,141296,283501
CANBERRA,2017,DEC,12,117225,128234,245459,3747,5094,8841,120972,133328,254300
CANBERRA,2018,JAN,1,104856,94239,199095,5278,3714,8992,110134,97953,208087
CANBERRA,2018,FEB,2,119614,114799,234413,3841,3174,7015,123455,117973,241428
CANBERRA,2018,MAR,3,138912,143798,282710,3975,3737,7712,142887,147535,290422
CANBERRA,2018,APR,4,128524,128730,257254,4859,4717,9576,133383,133447,266830
CANBERRA,2018,MAY,5,135746,136978,272724,2930,4225,7155,138676,141203,279879
CANBERRA,2018,JUN,6,127237,129749,256986,3422,4773,8195,130659,134522,265181
CANBERRA,2018,JUL,7,141914,138351,280265,4197,4585,8782,146111,142936,289047
CANBERRA,2018,AUG,8,140734,141717,282451,3593,4245,7838,144327,145962,290289
CANBERRA,2018,SEP,9,134735,135431,270166,3749,4719,8468,138484,140150,278634
CANBERRA,2018,OCT,10,149456,142604,292060,3923,3360,7283,153379,145964,299343
CANBERRA,2018,NOV,11,142780,143912,286692,3035,3992,7027,145815,147904,293719
CANBERRA,2018,DEC,12,115000,123327,238327,2230,4649,6879,117230,127976,245206
CANBERRA,2019,JAN,1,106793,94755,201548,3290,3445,6735,110083,98200,208283
CANBERRA,2019,FEB,2,120670,118342,239012,2839,2678,5517,123509,121020,244529
CANBERRA,2019,MAR,3,135197,135475,270672,2592,3492,6084,137789,138967,276756
CANBERRA,2019,APR,4,127461,127899,255360,2811,4239,7050,130272,132138,262410
CANBERRA,2019,MAY,5,130101,132847,262948,2984,4365,7349,133085,137212,270297
CANBERRA,2019,JUN,6,125376,126024,251400,3333,4545,7878,128709,130569,259278
CANBERRA,2019,JUL,7,140844,137122,277966,4168,4227,8395,145012,141349,286361
CANBERRA,2019,AUG,8,138130,139859,277989,3174,4067,7241,141304,143926,285230
CANBERRA,2019,SEP,9,140824,139184,280008,3471,4559,8030,144295,143743,288038
CANBERRA,2019,OCT,10,150608,147522,298130,3777,3557,7334,154385,151079,305464
CANBERRA,2019,NOV,11,143066,144165,287231,2813,3718,6531,145879,147883,293762
CANBERRA,2019,DEC,12,120748,130031,250779,2478,4447,6925,123226,134478,257704
CANBERRA,2020,JAN,1,107782,97761,205543,2617,3087,5704,110399,100848,211247
CANBERRA,2020,FEB,2,121940,117645,239585,2265,2279,4544,124205,119924,244129
CANBERRA,2020,MAR,3,77060,74706,151766,1471,1174,2645,78531,75880,154411
CANBERRA,2020,APR,4,2044,2334,4378,0,0,0,2044,2334,4378
CANBERRA,2020,MAY,5,2891,2827,5718,0,0,0,2891,2827,5718
CANBERRA,2020,JUN,6,6861,6484,13345,0,0,0,6861,6484,13345
CANBERRA,2020,JUL,7,10723,11907,22630,0,0,0,10723,11907,22630
CANBERRA,2020,AUG,8,7072,6437,13509,0,0,0,7072,6437,13509
DARWIN,2015,JAN,1,69503,57368,126871,15839,9890,25729,85342,67258,152600
DARWIN,2015,FEB,2,52098,53095,105193,10012,8779,18791,62110,61874,123984
DARWIN,2015,MAR,3,65149,63427,128576,9928,10166,20094,75077,73593,148670
DARWIN,2015,APR,4,74927,71880,146807,10371,9647,20018,85298,81527,166825
DARWIN,2015,MAY,5,76197,73855,150052,10489,10953,21442,86686,84808,171494
DARWIN,2015,JUN,6,88982,83047,172029,10295,12773,23068,99277,95820,195097
DARWIN,2015,JUL,7,97542,100915,198457,14992,12248,27240,112534,113163,225697
DARWIN,2015,AUG,8,85948,91755,177703,11491,12008,23499,97439,103763,201202
DARWIN,2015,SEP,9,82773,82494,165267,10797,10482,21279,93570,92976,186546
DARWIN,2015,OCT,10,75128,81496,156624,11222,9569,20791,86350,91065,177415
DARWIN,2015,NOV,11,67178,68458,135636,9269,9372,18641,76447,77830,154277
DARWIN,2015,DEC,12,60543,75501,136044,8199,13996,22195,68742,89497,158239
DARWIN,2016,JAN,1,69963,56451,126414,14691,10021,24712,84654,66472,151126
DARWIN,2016,FEB,2,53598,54994,108592,9106,7612,16718,62704,62606,125310
DARWIN,2016,MAR,3,66369,66209,132578,8824,9100,17924,75193,75309,150502
DARWIN,2016,APR,4,73084,71795,144879,9808,10021,19829,82892,81816,164708
DARWIN,2016,MAY,5,77991,74579,152570,10481,11275,21756,88472,85854,174326
DARWIN,2016,JUN,6,90624,84174,174798,10734,13149,23883,101358,97323,198681
DARWIN,2016,JUL,7,97118,98221,195339,15791,13694,29485,112909,111915,224824
DARWIN,2016,AUG,8,86449,93385,179834,12553,12772,25325,99002,106157,205159
DARWIN,2016,SEP,9,82167,83178,165345,11777,12080,23857,93944,95258,189202
DARWIN,2016,OCT,10,81098,85102,166200,12234,11149,23383,93332,96251,189583
DARWIN,2016,NOV,11,69322,70127,139449,9560,9637,19197,78882,79764,158646
DARWIN,2016,DEC,12,63916,77790,141706,8924,17076,26000,72840,94866,167706
DARWIN,2017,JAN,1,73163,61620,134783,17466,11510,28976,90629,73130,163759
DARWIN,2017,FEB,2,53766,54788,108554,10799,7972,18771,64565,62760,127325
DARWIN,2017,MAR,3,67319,65572,132891,9524,9890,19414,76843,75462,152305
DARWIN,2017,APR,4,73820,73730,147550,11407,11660,23067,85227,85390,170617
DARWIN,2017,MAY,5,77086,72354,149440,10377,10756,21133,87463,83110,170573
DARWIN,2017,JUN,6,89615,83613,173228,11386,14142,25528,101001,97755,198756
DARWIN,2017,JUL,7,96791,99647,196438,14671,13244,27915,111462,112891,224353
DARWIN,2017,AUG,8,90820,93937,184757,11606,12589,24195,102426,106526,208952
DARWIN,2017,SEP,9,80377,81831,162208,11525,10651,22176,91902,92482,184384
DARWIN,2017,OCT,10,78841,82495,161336,11330,10565,21895,90171,93060,183231
DARWIN,2017,NOV,11,68432,70673,139105,9446,9662,19108,77878,80335,158213
DARWIN,2017,DEC,12,63841,75420,139261,8449,14230,22679,72290,89650,161940
DARWIN,2018,JAN,1,71306,60705,132011,15625,10304,25929,86931,71009,157940
DARWIN,2018,FEB,2,52433,53191,105624,8919,7364,16283,61352,60555,121907
DARWIN,2018,MAR,3,64602,65239,129841,7718,8106,15824,72320,73345,145665
DARWIN,2018,APR,4,72393,70218,142611,9102,9005,18107,81495,79223,160718
DARWIN,2018,MAY,5,76202,74029,150231,7979,8184,16163,84181,82213,166394
DARWIN,2018,JUN,6,84518,80484,165002,9976,10931,20907,94494,91415,185909
DARWIN,2018,JUL,7,96710,100013,196723,10465,9930,20395,107175,109943,217118
DARWIN,2018,AUG,8,86310,91491,177801,10085,10455,20540,96395,101946,198341
DARWIN,2018,SEP,9,81111,82002,163113,9327,9011,18338,90438,91013,181451
DARWIN,2018,OCT,10,74963,80197,155160,9424,8537,17961,84387,88734,173121
DARWIN,2018,NOV,11,62541,64400,126941,8426,8618,17044,70967,73018,143985
DARWIN,2018,DEC,12,59703,70480,130183,7985,13115,21100,67688,83595,151283
DARWIN,2019,JAN,1,65415,56170,121585,13501,9880,23381,78916,66050,144966
DARWIN,2019,FEB,2,51741,52055,103796,9136,6754,15890,60877,58809,119686
DARWIN,2019,MAR,3,60587,59296,119883,7932,7402,15334,68519,66698,135217
DARWIN,2019,APR,4,73370,70662,144032,10018,10067,20085,83388,80729,164117
DARWIN,2019,MAY,5,73588,71246,144834,10481,11013,21494,84069,82259,166328
DARWIN,2019,JUN,6,83691,79376,163067,10830,12907,23737,94521,92283,186804
DARWIN,2019,JUL,7,93885,97733,191618,14178,11800,25978,108063,109533,217596
DARWIN,2019,AUG,8,85090,90369,175459,12323,12564,24887,97413,102933,200346
DARWIN,2019,SEP,9,77127,78844,155971,11655,11409,23064,88782,90253,179035
DARWIN,2019,OCT,10,74434,79762,154196,11996,9762,21758,86430,89524,175954
DARWIN,2019,NOV,11,60776,63808,124584,9006,9238,18244,69782,73046,142828
DARWIN,2019,DEC,12,60593,67842,128435,7543,14635,22178,68136,82477,150613
DARWIN,2020,JAN,1,64657,56560,121217,15026,10712,25738,79683,67272,146955
DARWIN,2020,FEB,2,48141,50081,98222,8685,5674,14359,56826,55755,112581
DARWIN,2020,MAR,3,41355,39999,81354,4342,2910,7252,45697,42909,88606
DARWIN,2020,APR,4,3401,3309,6710,0,0,0,3401,3309,6710
DARWIN,2020,MAY,5,3014,2736,5750,0,0,0,3014,2736,5750
DARWIN,2020,JUN,6,6728,6568,13296,0,0,0,6728,6568,13296
DARWIN,2020,JUL,7,14237,12332,26569,0,0,0,14237,12332,26569
DARWIN,2020,AUG,8,19355,19061,38416,0,0,0,19355,19061,38416
GOLD COAST,2015,JAN,1,228760,247455,476215,47430,40477,87907,276190,287932,564122
GOLD COAST,2015,FEB,2,176481,180128,356609,35098,32950,68048,211579,213078,424657
GOLD COAST,2015,MAR,3,201680,198263,399943,37413,35449,72862,239093,233712,472805
GOLD COAST,2015,APR,4,204814,211335,416149,37202,34068,71270,242016,245403,487419
GOLD COAST,2015,MAY,5,182778,184034,366812,34086,31677,65763,216864,215711,432575
GOLD COAST,2015,JUN,6,186821,179078,365899,32051,36170,68221,218872,215248,434120
GOLD COAST,2015,JUL,7,223508,227796,451304,49303,40515,89818,272811,268311,541122
GOLD COAST,2015,AUG,8,205291,207141,412432,37253,37977,75230,242544,245118,487662
GOLD COAST,2015,SEP,9,233558,221191,454749,40579,42342,82921,274137,263533,537670
GOLD COAST,2015,OCT,10,236242,241794,478036,45123,40934,86057,281365,282728,564093
GOLD COAST,2015,NOV,11,212679,218157,430836,38050,40108,78158,250729,258265,508994
GOLD COAST,2015,DEC,12,242367,230040,472407,45218,51494,96712,287585,281534,569119
GOLD COAST,2016,JAN,1,247220,268967,516187,52344,43905,96249,299564,312872,612436
GOLD COAST,2016,FEB,2,197007,202951,399958,42775,36302,79077,239782,239253,479035
GOLD COAST,2016,MAR,3,219004,218426,437430,46336,44337,90673,265340,262763,528103
GOLD COAST,2016,APR,4,213036,219439,432475,45883,39557,85440,258919,258996,517915
GOLD COAST,2016,MAY,5,190164,193810,383974,40725,37346,78071,230889,231156,462045
GOLD COAST,2016,JUN,6,195060,186355,381415,40144,43653,83797,235204,230008,465212
GOLD COAST,2016,JUL,7,232007,236570,468577,59466,47514,106980,291473,284084,575557
GOLD COAST,2016,AUG,8,210580,215272,425852,47794,48410,96204,258374,263682,522056
GOLD COAST,2016,SEP,9,236038,225191,461229,48322,48558,96880,284360,273749,558109
GOLD COAST,2016,OCT,10,241097,246926,488023,48289,44655,92944,289386,291581,580967
GOLD COAST,2016,NOV,11,217585,221922,439507,41995,42664,84659,259580,264586,524166
GOLD COAST,2016,DEC,12,246168,236962,483130,48627,53957,102584,294795,290919,585714
GOLD COAST,2017,JAN,1,249932,269342,519274,57691,46200,103891,307623,315542,623165
GOLD COAST,2017,FEB,2,190703,196827,387530,42614,36458,79072,233317,233285,466602
GOLD COAST,2017,MAR,3,215154,212372,427526,44795,42345,87140,259949,254717,514666
GOLD COAST,2017,APR,4,230176,233720,463896,48791,45433,94224,278967,279153,558120
GOLD COAST,2017,MAY,5,197532,199078,396610,40980,37658,78638,238512,236736,475248
GOLD COAST,2017,JUN,6,198253,192782,391035,39900,41871,81771,238153,234653,472806
GOLD COAST,2017,JUL,7,240788,238372,479160,53245,42828,96073,294033,281200,575233
GOLD COAST,2017,AUG,8,210013,214791,424804,45310,44960,90270,255323,259751,515074
GOLD COAST,2017,SEP,9,236713,223207,459920,43479,44284,87763,280192,267491,547683
GOLD COAST,2017,OCT,10,240741,252165,492906,49333,44902,94235,290074,297067,587141
GOLD COAST,2017,NOV,11,226173,228215,454388,41391,43142,84533,267564,271357,538921
GOLD COAST,2017,DEC,12,256458,245478,501936,48111,54377,102488,304569,299855,604424
GOLD COAST,2018,JAN,1,262917,283349,546266,55665,47400,103065,318582,330749,649331
GOLD COAST,2018,FEB,2,198220,201132,399352,41025,37190,78215,239245,238322,477567
GOLD COAST,2018,MAR,3,229124,222321,451445,44258,44035,88293,273382,266356,539738
GOLD COAST,2018,APR,4,234754,242712,477466,48166,42169,90335,282920,284881,567801
GOLD COAST,2018,MAY,5,195129,197669,392798,38091,36695,74786,233220,234364,467584
GOLD COAST,2018,JUN,6,198752,191807,390559,39070,41285,80355,237822,233092,470914
GOLD COAST,2018,JUL,7,238435,239301,477736,50439,43182,93621,288874,282483,571357
GOLD COAST,2018,AUG,8,222751,224919,447670,43070,42826,85896,265821,267745,533566
GOLD COAST,2018,SEP,9,232596,223958,456554,38337,40845,79182,270933,264803,535736
GOLD COAST,2018,OCT,10,239357,247668,487025,44146,42429,86575,283503,290097,573600
GOLD COAST,2018,NOV,11,223284,223640,446924,35905,37921,73826,259189,261561,520750
GOLD COAST,2018,DEC,12,249216,238173,487389,41245,49804,91049,290461,287977,578438
GOLD COAST,2019,JAN,1,262601,279573,542174,50028,45595,95623,312629,325168,637797
GOLD COAST,2019,FEB,2,190989,197259,388248,37158,33065,70223,228147,230324,458471
GOLD COAST,2019,MAR,3,213949,211594,425543,37533,36254,73787,251482,247848,499330
GOLD COAST,2019,APR,4,238715,240862,479577,41791,39330,81121,280506,280192,560698
GOLD COAST,2019,MAY,5,202593,203317,405910,33718,31341,65059,236311,234658,470969
GOLD COAST,2019,JUN,6,203236,198016,401252,34422,37429,71851,237658,235445,473103
GOLD COAST,2019,JUL,7,247576,248958,496534,46702,39113,85815,294278,288071,582349
GOLD COAST,2019,AUG,8,222730,225565,448295,38835,39005,77840,261565,264570,526135
GOLD COAST,2019,SEP,9,241442,230758,472200,36132,37885,74017,277574,268643,546217
GOLD COAST,2019,OCT,10,255381,265431,520812,40033,37218,77251,295414,302649,598063
GOLD COAST,2019,NOV,11,225477,231244,456721,34509,35596,70105,259986,266840,526826
GOLD COAST,2019,DEC,12,261555,244787,506342,45674,52629,98303,307229,297416,604645
GOLD COAST,2020,JAN,1,262457,276137,538594,52235,47115,99350,314692,323252,637944
GOLD COAST,2020,FEB,2,185735,189523,375258,36789,32871,69660,222524,222394,444918
GOLD COAST,2020,MAR,3,127307,137163,264470,20412,18038,38450,147719,155201,302920
GOLD COAST,2020,APR,4,596,922,1518,0,0,0,596,922,1518
GOLD COAST,2020,MAY,5,1025,1272,2297,0,0,0,1025,1272,2297
GOLD COAST,2020,JUN,6,2252,2837,5089,0,0,0,2252,2837,5089
GOLD COAST,2020,JUL,7,21997,19649,41646,0,0,0,21997,19649,41646
GOLD COAST,2020,AUG,8,4075,5636,9711,0,0,0,4075,5636,9711
HOBART,2015,JAN,1,105456,120299,225755,0,0,0,105456,120299,225755
HOBART,2015,FEB,2,94081,91925,186006,0,0,0,94081,91925,186006
HOBART,2015,MAR,3,97209,101984,199193,0,0,0,97209,101984,199193
HOBART,2015,APR,4,89654,94013,183667,0,0,0,89654,94013,183667
HOBART,2015,MAY,5,79587,82903,162490,0,0,0,79587,82903,162490
HOBART,2015,JUN,6,78217,77801,156018,0,0,0,78217,77801,156018
HOBART,2015,JUL,7,84845,88470,173315,0,0,0,84845,88470,173315
HOBART,2015,AUG,8,80594,80957,161551,0,0,0,80594,80957,161551
HOBART,2015,SEP,9,86809,83347,170156,0,0,0,86809,83347,170156
HOBART,2015,OCT,10,99361,94374,193735,0,0,0,99361,94374,193735
HOBART,2015,NOV,11,99925,99671,199596,0,0,0,99925,99671,199596
HOBART,2015,DEC,12,119726,107224,226950,0,0,0,119726,107224,226950
HOBART,2016,JAN,1,108012,124464,232476,0,0,0,108012,124464,232476
HOBART,2016,FEB,2,97978,97936,195914,0,0,0,97978,97936,195914
HOBART,2016,MAR,3,104741,107306,212047,0,0,0,104741,107306,212047
HOBART,2016,APR,4,94140,102924,197064,0,0,0,94140,102924,197064
HOBART,2016,MAY,5,86020,90531,176551,0,0,0,86020,90531,176551
HOBART,2016,JUN,6,86667,86917,173584,0,0,0,86667,86917,173584
HOBART,2016,JUL,7,90828,92811,183639,0,0,0,90828,92811,183639
HOBART,2016,AUG,8,83265,85213,168478,0,0,0,83265,85213,168478
HOBART,2016,SEP,9,94732,90362,185094,0,0,0,94732,90362,185094
HOBART,2016,OCT,10,104258,101159,205417,0,0,0,104258,101159,205417
HOBART,2016,NOV,11,103495,103545,207040,0,0,0,103495,103545,207040
HOBART,2016,DEC,12,127433,113400,240833,0,0,0,127433,113400,240833
HOBART,2017,JAN,1,118191,132076,250267,0,0,0,118191,132076,250267
HOBART,2017,FEB,2,103325,102059,205384,0,0,0,103325,102059,205384
HOBART,2017,MAR,3,107501,111737,219238,0,0,0,107501,111737,219238
HOBART,2017,APR,4,104746,109772,214518,0,0,0,104746,109772,214518
HOBART,2017,MAY,5,88382,92193,180575,0,0,0,88382,92193,180575
HOBART,2017,JUN,6,90673,89636,180309,0,0,0,90673,89636,180309
HOBART,2017,JUL,7,99196,102431,201627,0,0,0,99196,102431,201627
HOBART,2017,AUG,8,87387,87859,175246,0,0,0,87387,87859,175246
HOBART,2017,SEP,9,97992,91468,189460,0,0,0,97992,91468,189460
HOBART,2017,OCT,10,108902,108200,217102,0,0,0,108902,108200,217102
HOBART,2017,NOV,11,110717,110395,221112,0,0,0,110717,110395,221112
HOBART,2017,DEC,12,135137,120368,255505,0,0,0,135137,120368,255505
HOBART,2018,JAN,1,125218,141366,266584,0,0,0,125218,141366,266584
HOBART,2018,FEB,2,113258,109757,223015,0,0,0,113258,109757,223015
HOBART,2018,MAR,3,123639,124859,248498,0,0,0,123639,124859,248498
HOBART,2018,APR,4,111145,118749,229894,0,0,0,111145,118749,229894
HOBART,2018,MAY,5,90232,93341,183573,0,0,0,90232,93341,183573
HOBART,2018,JUN,6,91837,92643,184480,0,0,0,91837,92643,184480
HOBART,2018,JUL,7,106020,106872,212892,0,0,0,106020,106872,212892
HOBART,2018,AUG,8,94063,94842,188905,0,0,0,94063,94842,188905
HOBART,2018,SEP,9,101772,96920,198692,0,0,0,101772,96920,198692
HOBART,2018,OCT,10,118753,117015,235768,0,0,0,118753,117015,235768
HOBART,2018,NOV,11,119996,117668,237664,0,0,0,119996,117668,237664
HOBART,2018,DEC,12,141828,124835,266663,0,0,0,141828,124835,266663
HOBART,2019,JAN,1,130366,147840,278206,0,0,0,130366,147840,278206
HOBART,2019,FEB,2,118030,113881,231911,0,0,0,118030,113881,231911
HOBART,2019,MAR,3,120100,123918,244018,0,0,0,120100,123918,244018
HOBART,2019,APR,4,114959,119517,234476,0,0,0,114959,119517,234476
HOBART,2019,MAY,5,95801,98915,194716,0,0,0,95801,98915,194716
HOBART,2019,JUN,6,100817,100831,201648,0,0,0,100817,100831,201648
HOBART,2019,JUL,7,109278,111707,220985,0,0,0,109278,111707,220985
HOBART,2019,AUG,8,101185,101926,203111,0,0,0,101185,101926,203111
HOBART,2019,SEP,9,108777,103743,212520,0,0,0,108777,103743,212520
HOBART,2019,OCT,10,121894,119785,241679,0,0,0,121894,119785,241679
HOBART,2019,NOV,11,123885,123263,247148,0,0,0,123885,123263,247148
HOBART,2019,DEC,12,144019,127302,271321,0,0,0,144019,127302,271321
HOBART,2020,JAN,1,135552,149565,285117,0,0,0,135552,149565,285117
HOBART,2020,FEB,2,115076,113163,228239,0,0,0,115076,113163,228239
HOBART,2020,MAR,3,72088,80867,152955,0,0,0,72088,80867,152955
HOBART,2020,APR,4,780,1341,2121,0,0,0,780,1341,2121
HOBART,2020,MAY,5,1263,2003,3266,0,0,0,1263,2003,3266
HOBART,2020,JUN,6,2302,3099,5401,0,0,0,2302,3099,5401
HOBART,2020,JUL,7,2840,3618,6458,0,0,0,2840,3618,6458
HOBART,2020,AUG,8,2400,3050,5450,0,0,0,2400,3050,5450
KARRATHA,2015,JAN,1,27371,21795,49166,0,0,0,27371,21795,49166
KARRATHA,2015,FEB,2,23907,24807,48714,0,0,0,23907,24807,48714
KARRATHA,2015,MAR,3,25836,25992,51828,0,0,0,25836,25992,51828
KARRATHA,2015,APR,4,26116,26467,52583,0,0,0,26116,26467,52583
KARRATHA,2015,MAY,5,25042,25160,50202,0,0,0,25042,25160,50202
KARRATHA,2015,JUN,6,24647,25348,49995,0,0,0,24647,25348,49995
KARRATHA,2015,JUL,7,27639,27574,55213,0,0,0,27639,27574,55213
KARRATHA,2015,AUG,8,25386,24763,50149,0,0,0,25386,24763,50149
KARRATHA,2015,SEP,9,25376,26444,51820,0,0,0,25376,26444,51820
KARRATHA,2015,OCT,10,26024,25986,52010,0,0,0,26024,25986,52010
KARRATHA,2015,NOV,11,25465,24652,50117,0,0,0,25465,24652,50117
KARRATHA,2015,DEC,12,20550,25239,45789,0,0,0,20550,25239,45789
KARRATHA,2016,JAN,1,21683,18456,40139,0,0,0,21683,18456,40139
KARRATHA,2016,FEB,2,20037,19143,39180,0,0,0,20037,19143,39180
KARRATHA,2016,MAR,3,21020,21745,42765,0,0,0,21020,21745,42765
KARRATHA,2016,APR,4,20794,21126,41920,0,0,0,20794,21126,41920
KARRATHA,2016,MAY,5,23696,22587,46283,0,0,0,23696,22587,46283
KARRATHA,2016,JUN,6,20235,21159,41394,0,0,0,20235,21159,41394
KARRATHA,2016,JUL,7,20847,20392,41239,0,0,0,20847,20392,41239
KARRATHA,2016,AUG,8,21137,20783,41920,0,0,0,21137,20783,41920
KARRATHA,2016,SEP,9,20716,20875,41591,0,0,0,20716,20875,41591
KARRATHA,2016,OCT,10,21361,19801,41162,0,0,0,21361,19801,41162
KARRATHA,2016,NOV,11,21485,20519,42004,0,0,0,21485,20519,42004
KARRATHA,2016,DEC,12,15435,19862,35297,0,0,0,15435,19862,35297
KARRATHA,2017,JAN,1,19267,15565,34832,0,0,0,19267,15565,34832
KARRATHA,2017,FEB,2,16771,16556,33327,0,0,0,16771,16556,33327
KARRATHA,2017,MAR,3,19207,19750,38957,0,0,0,19207,19750,38957
KARRATHA,2017,APR,4,17755,17832,35587,0,0,0,17755,17832,35587
KARRATHA,2017,MAY,5,20502,19185,39687,0,0,0,20502,19185,39687
KARRATHA,2017,JUN,6,19009,19354,38363,0,0,0,19009,19354,38363
KARRATHA,2017,JUL,7,18287,18243,36530,0,0,0,18287,18243,36530
KARRATHA,2017,AUG,8,18683,18913,37596,0,0,0,18683,18913,37596
KARRATHA,2017,SEP,9,17037,18248,35285,0,0,0,17037,18248,35285
KARRATHA,2017,OCT,10,19576,18571,38147,0,0,0,19576,18571,38147
KARRATHA,2017,NOV,11,18517,19014,37531,0,0,0,18517,19014,37531
KARRATHA,2017,DEC,12,14755,18450,33205,0,0,0,14755,18450,33205
KARRATHA,2018,JAN,1,18381,15119,33500,0,0,0,18381,15119,33500
KARRATHA,2018,FEB,2,16207,16221,32428,0,0,0,16207,16221,32428
KARRATHA,2018,MAR,3,17697,18856,36553,0,0,0,17697,18856,36553
KARRATHA,2018,APR,4,18165,17789,35954,0,0,0,18165,17789,35954
KARRATHA,2018,MAY,5,19779,19469,39248,0,0,0,19779,19469,39248
KARRATHA,2018,JUN,6,18066,18853,36919,0,0,0,18066,18853,36919
KARRATHA,2018,JUL,7,20535,19601,40136,0,0,0,20535,19601,40136
KARRATHA,2018,AUG,8,19304,20876,40180,0,0,0,19304,20876,40180
KARRATHA,2018,SEP,9,17771,18959,36730,0,0,0,17771,18959,36730
KARRATHA,2018,OCT,10,20349,19233,39582,0,0,0,20349,19233,39582
KARRATHA,2018,NOV,11,18693,19284,37977,0,0,0,18693,19284,37977
KARRATHA,2018,DEC,12,14547,17695,32242,0,0,0,14547,17695,32242
KARRATHA,2019,JAN,1,19400,16331,35731,0,0,0,19400,16331,35731
KARRATHA,2019,FEB,2,16700,17111,33811,0,0,0,16700,17111,33811
KARRATHA,2019,MAR,3,17479,17698,35177,0,0,0,17479,17698,35177
KARRATHA,2019,APR,4,20502,19057,39559,0,0,0,20502,19057,39559
KARRATHA,2019,MAY,5,19119,20624,39743,0,0,0,19119,20624,39743
KARRATHA,2019,JUN,6,18533,18505,37038,0,0,0,18533,18505,37038
KARRATHA,2019,JUL,7,21722,20762,42484,0,0,0,21722,20762,42484
KARRATHA,2019,AUG,8,19737,21258,40995,0,0,0,19737,21258,40995
KARRATHA,2019,SEP,9,20725,21035,41760,0,0,0,20725,21035,41760
KARRATHA,2019,OCT,10,21900,21470,43370,0,0,0,21900,21470,43370
KARRATHA,2019,NOV,11,20063,20591,40654,0,0,0,20063,20591,40654
KARRATHA,2019,DEC,12,16792,20784,37576,0,0,0,16792,20784,37576
KARRATHA,2020,JAN,1,21219,17595,38814,0,0,0,21219,17595,38814
KARRATHA,2020,FEB,2,17774,17772,35546,0,0,0,17774,17772,35546
KARRATHA,2020,MAR,3,13511,14175,27686,0,0,0,13511,14175,27686
KARRATHA,2020,APR,4,1530,1737,3267,0,0,0,1530,1737,3267
KARRATHA,2020,MAY,5,1356,1295,2651,0,0,0,1356,1295,2651
KARRATHA,2020,JUN,6,3414,3651,7065,0,0,0,3414,3651,7065
KARRATHA,2020,JUL,7,7827,8130,15957,0,0,0,7827,8130,15957
KARRATHA,2020,AUG,8,10688,9863,20551,0,0,0,10688,9863,20551
LAUNCESTON,2015,JAN,1,61786,69331,131117,0,0,0,61786,69331,131117
LAUNCESTON,2015,FEB,2,53435,51643,105078,0,0,0,53435,51643,105078
LAUNCESTON,2015,MAR,3,57484,59583,117067,0,0,0,57484,59583,117067
LAUNCESTON,2015,APR,4,52216,55380,107596,0,0,0,52216,55380,107596
LAUNCESTON,2015,MAY,5,46677,48225,94902,0,0,0,46677,48225,94902
LAUNCESTON,2015,JUN,6,42671,42200,84871,0,0,0,42671,42200,84871
LAUNCESTON,2015,JUL,7,49223,51910,101133,0,0,0,49223,51910,101133
LAUNCESTON,2015,AUG,8,46105,45411,91516,0,0,0,46105,45411,91516
LAUNCESTON,2015,SEP,9,47215,46412,93627,0,0,0,47215,46412,93627
LAUNCESTON,2015,OCT,10,56542,53452,109994,0,0,0,56542,53452,109994
LAUNCESTON,2015,NOV,11,58767,57575,116342,0,0,0,58767,57575,116342
LAUNCESTON,2015,DEC,12,70521,62644,133165,0,0,0,70521,62644,133165
LAUNCESTON,2016,JAN,1,63517,72206,135723,0,0,0,63517,72206,135723
LAUNCESTON,2016,FEB,2,57729,56406,114135,0,0,0,57729,56406,114135
LAUNCESTON,2016,MAR,3,61282,61169,122451,0,0,0,61282,61169,122451
LAUNCESTON,2016,APR,4,54996,60277,115273,0,0,0,54996,60277,115273
LAUNCESTON,2016,MAY,5,47415,49237,96652,0,0,0,47415,49237,96652
LAUNCESTON,2016,JUN,6,45377,45564,90941,0,0,0,45377,45564,90941
LAUNCESTON,2016,JUL,7,53340,54414,107754,0,0,0,53340,54414,107754
LAUNCESTON,2016,AUG,8,44702,44901,89603,0,0,0,44702,44901,89603
LAUNCESTON,2016,SEP,9,50064,48950,99014,0,0,0,50064,48950,99014
LAUNCESTON,2016,OCT,10,55946,52152,108098,0,0,0,55946,52152,108098
LAUNCESTON,2016,NOV,11,58326,56791,115117,0,0,0,58326,56791,115117
LAUNCESTON,2016,DEC,12,72849,63415,136264,0,0,0,72849,63415,136264
LAUNCESTON,2017,JAN,1,67589,75597,143186,0,0,0,67589,75597,143186
LAUNCESTON,2017,FEB,2,57412,56874,114286,0,0,0,57412,56874,114286
LAUNCESTON,2017,MAR,3,59033,61568,120601,0,0,0,59033,61568,120601
LAUNCESTON,2017,APR,4,58771,60217,118988,0,0,0,58771,60217,118988
LAUNCESTON,2017,MAY,5,46056,48246,94302,0,0,0,46056,48246,94302
LAUNCESTON,2017,JUN,6,44164,43756,87920,0,0,0,44164,43756,87920
LAUNCESTON,2017,JUL,7,51577,53418,104995,0,0,0,51577,53418,104995
LAUNCESTON,2017,AUG,8,45214,44862,90076,0,0,0,45214,44862,90076
LAUNCESTON,2017,SEP,9,50483,48160,98643,0,0,0,50483,48160,98643
LAUNCESTON,2017,OCT,10,55395,55407,110802,0,0,0,55395,55407,110802
LAUNCESTON,2017,NOV,11,59175,58036,117211,0,0,0,59175,58036,117211
LAUNCESTON,2017,DEC,12,75367,64845,140212,0,0,0,75367,64845,140212
LAUNCESTON,2018,JAN,1,68889,78405,147294,0,0,0,68889,78405,147294
LAUNCESTON,2018,FEB,2,57763,56071,113834,0,0,0,57763,56071,113834
LAUNCESTON,2018,MAR,3,65920,66465,132385,0,0,0,65920,66465,132385
LAUNCESTON,2018,APR,4,59241,63764,123005,0,0,0,59241,63764,123005
LAUNCESTON,2018,MAY,5,45400,47383,92783,0,0,0,45400,47383,92783
LAUNCESTON,2018,JUN,6,45514,45946,91460,0,0,0,45514,45946,91460
LAUNCESTON,2018,JUL,7,56721,58072,114793,0,0,0,56721,58072,114793
LAUNCESTON,2018,AUG,8,47423,47206,94629,0,0,0,47423,47206,94629
LAUNCESTON,2018,SEP,9,51454,49146,100600,0,0,0,51454,49146,100600
LAUNCESTON,2018,OCT,10,57836,57111,114947,0,0,0,57836,57111,114947
LAUNCESTON,2018,NOV,11,58989,58231,117220,0,0,0,58989,58231,117220
LAUNCESTON,2018,DEC,12,73906,64885,138791,0,0,0,73906,64885,138791
LAUNCESTON,2019,JAN,1,70824,79017,149841,0,0,0,70824,79017,149841
LAUNCESTON,2019,FEB,2,58763,58499,117262,0,0,0,58763,58499,117262
LAUNCESTON,2019,MAR,3,61397,64660,126057,0,0,0,61397,64660,126057
LAUNCESTON,2019,APR,4,63263,65723,128986,0,0,0,63263,65723,128986
LAUNCESTON,2019,MAY,5,46938,49185,96123,0,0,0,46938,49185,96123
LAUNCESTON,2019,JUN,6,45516,45744,91260,0,0,0,45516,45744,91260
LAUNCESTON,2019,JUL,7,56217,56811,113028,0,0,0,56217,56811,113028
LAUNCESTON,2019,AUG,8,46984,48107,95091,0,0,0,46984,48107,95091
LAUNCESTON,2019,SEP,9,52095,49663,101758,0,0,0,52095,49663,101758
LAUNCESTON,2019,OCT,10,58756,57738,116494,0,0,0,58756,57738,116494
LAUNCESTON,2019,NOV,11,60389,59006,119395,0,0,0,60389,59006,119395
LAUNCESTON,2019,DEC,12,74773,65236,140009,0,0,0,74773,65236,140009
LAUNCESTON,2020,JAN,1,68722,77376,146098,0,0,0,68722,77376,146098
LAUNCESTON,2020,FEB,2,56306,55972,112278,0,0,0,56306,55972,112278
LAUNCESTON,2020,MAR,3,36699,39219,75918,0,0,0,36699,39219,75918
LAUNCESTON,2020,APR,4,301,475,776,0,0,0,301,475,776
LAUNCESTON,2020,MAY,5,348,362,710,0,0,0,348,362,710
LAUNCESTON,2020,JUN,6,994,1097,2091,0,0,0,994,1097,2091
LAUNCESTON,2020,JUL,7,2039,2584,4623,0,0,0,2039,2584,4623
LAUNCESTON,2020,AUG,8,1958,1949,3907,0,0,0,1958,1949,3907
MACKAY,2015,JAN,1,36231,34321,70552,0,0,0,36231,34321,70552
MACKAY,2015,FEB,2,30254,31593,61847,0,0,0,30254,31593,61847
MACKAY,2015,MAR,3,38476,36956,75432,0,0,0,38476,36956,75432
MACKAY,2015,APR,4,38188,38030,76218,0,0,0,38188,38030,76218
MACKAY,2015,MAY,5,37417,37180,74597,0,0,0,37417,37180,74597
MACKAY,2015,JUN,6,36464,36164,72628,0,0,0,36464,36164,72628
MACKAY,2015,JUL,7,39916,40450,80366,0,0,0,39916,40450,80366
MACKAY,2015,AUG,8,37652,37306,74958,0,0,0,37652,37306,74958
MACKAY,2015,SEP,9,36204,36478,72682,0,0,0,36204,36478,72682
MACKAY,2015,OCT,10,36013,36482,72495,0,0,0,36013,36482,72495
MACKAY,2015,NOV,11,33988,33821,67809,0,0,0,33988,33821,67809
MACKAY,2015,DEC,12,33735,35613,69348,0,0,0,33735,35613,69348
MACKAY,2016,JAN,1,30454,28859,59313,0,0,0,30454,28859,59313
MACKAY,2016,FEB,2,28048,28251,56299,0,0,0,28048,28251,56299
MACKAY,2016,MAR,3,33248,33232,66480,0,0,0,33248,33232,66480
MACKAY,2016,APR,4,32759,32306,65065,0,0,0,32759,32306,65065
MACKAY,2016,MAY,5,32884,32963,65847,0,0,0,32884,32963,65847
MACKAY,2016,JUN,6,31980,32428,64408,0,0,0,31980,32428,64408
MACKAY,2016,JUL,7,33613,33546,67159,0,0,0,33613,33546,67159
MACKAY,2016,AUG,8,32588,32852,65440,0,0,0,32588,32852,65440
MACKAY,2016,SEP,9,32594,33221,65815,0,0,0,32594,33221,65815
MACKAY,2016,OCT,10,32954,33473,66427,0,0,0,32954,33473,66427
MACKAY,2016,NOV,11,31026,30902,61928,0,0,0,31026,30902,61928
MACKAY,2016,DEC,12,31024,32448,63472,0,0,0,31024,32448,63472
MACKAY,2017,JAN,1,28407,27492,55899,0,0,0,28407,27492,55899
MACKAY,2017,FEB,2,26775,27417,54192,0,0,0,26775,27417,54192
MACKAY,2017,MAR,3,27660,28612,56272,0,0,0,27660,28612,56272
MACKAY,2017,APR,4,32546,32692,65238,0,0,0,32546,32692,65238
MACKAY,2017,MAY,5,32115,32556,64671,0,0,0,32115,32556,64671
MACKAY,2017,JUN,6,32053,32188,64241,0,0,0,32053,32188,64241
MACKAY,2017,JUL,7,33542,33361,66903,0,0,0,33542,33361,66903
MACKAY,2017,AUG,8,32287,33030,65317,0,0,0,32287,33030,65317
MACKAY,2017,SEP,9,34889,35186,70075,0,0,0,34889,35186,70075
MACKAY,2017,OCT,10,35292,34648,69940,0,0,0,35292,34648,69940
MACKAY,2017,NOV,11,31991,32694,64685,0,0,0,31991,32694,64685
MACKAY,2017,DEC,12,31907,33663,65570,0,0,0,31907,33663,65570
MACKAY,2018,JAN,1,31550,29835,61385,0,0,0,31550,29835,61385
MACKAY,2018,FEB,2,28109,28290,56399,0,0,0,28109,28290,56399
MACKAY,2018,MAR,3,33788,34250,68038,0,0,0,33788,34250,68038
MACKAY,2018,APR,4,31371,30937,62308,0,0,0,31371,30937,62308
MACKAY,2018,MAY,5,34118,34075,68193,0,0,0,34118,34075,68193
MACKAY,2018,JUN,6,32254,32073,64327,0,0,0,32254,32073,64327
MACKAY,2018,JUL,7,38841,38656,77497,0,0,0,38841,38656,77497
MACKAY,2018,AUG,8,37238,38024,75262,0,0,0,37238,38024,75262
MACKAY,2018,SEP,9,34386,34831,69217,0,0,0,34386,34831,69217
MACKAY,2018,OCT,10,35683,35066,70749,0,0,0,35683,35066,70749
MACKAY,2018,NOV,11,33423,34034,67457,0,0,0,33423,34034,67457
MACKAY,2018,DEC,12,32543,34591,67134,0,0,0,32543,34591,67134
MACKAY,2019,JAN,1,31850,30538,62388,0,0,0,31850,30538,62388
MACKAY,2019,FEB,2,29585,29908,59493,0,0,0,29585,29908,59493
MACKAY,2019,MAR,3,33188,33773,66961,0,0,0,33188,33773,66961
MACKAY,2019,APR,4,33365,32740,66105,0,0,0,33365,32740,66105
MACKAY,2019,MAY,5,35423,36124,71547,0,0,0,35423,36124,71547
MACKAY,2019,JUN,6,34032,33917,67949,0,0,0,34032,33917,67949
MACKAY,2019,JUL,7,37760,37019,74779,0,0,0,37760,37019,74779
MACKAY,2019,AUG,8,37074,37973,75047,0,0,0,37074,37973,75047
MACKAY,2019,SEP,9,37679,37658,75337,0,0,0,37679,37658,75337
MACKAY,2019,OCT,10,38439,38581,77020,0,0,0,38439,38581,77020
MACKAY,2019,NOV,11,35584,36180,71764,0,0,0,35584,36180,71764
MACKAY,2019,DEC,12,35168,37092,72260,0,0,0,35168,37092,72260
MACKAY,2020,JAN,1,34227,32672,66899,0,0,0,34227,32672,66899
MACKAY,2020,FEB,2,31457,32056,63513,0,0,0,31457,32056,63513
MACKAY,2020,MAR,3,26375,24390,50765,0,0,0,26375,24390,50765
MACKAY,2020,APR,4,3428,3753,7181,0,0,0,3428,3753,7181
MACKAY,2020,MAY,5,3517,3674,7191,0,0,0,3517,3674,7191
MACKAY,2020,JUN,6,8504,8404,16908,0,0,0,8504,8404,16908
MACKAY,2020,JUL,7,15694,16265,31959,0,0,0,15694,16265,31959
MACKAY,2020,AUG,8,15570,15854,31424,0,0,0,15570,15854,31424
MELBOURNE,2015,JAN,1,1004854,948075,1952929,438126,370081,808207,1442980,1318156,2761136
MELBOURNE,2015,FEB,2,900984,891650,1792634,365109,313219,678328,1266093,1204869,2470962
MELBOURNE,2015,MAR,3,1005878,1039069,2044947,345323,371197,716520,1351201,1410266,2761467
MELBOURNE,2015,APR,4,996733,964471,1961204,340239,344512,684751,1336972,1308983,2645955
MELBOURNE,2015,MAY,5,936622,936219,1872841,302738,334198,636936,1239360,1270417,2509777
MELBOURNE,2015,JUN,6,892847,934705,1827552,308765,379573,688338,1201612,1314278,2515890
MELBOURNE,2015,JUL,7,1088788,1042230,2131018,420433,358670,779103,1509221,1400900,2910121
MELBOURNE,2015,AUG,8,987007,994987,1981994,363372,369533,732905,1350379,1364520,2714899
MELBOURNE,2015,SEP,9,1003849,1002529,2006378,373604,370822,744426,1377453,1373351,2750804
MELBOURNE,2015,OCT,10,1087942,1081715,2169657,422440,352894,775334,1510382,1434609,2944991
MELBOURNE,2015,NOV,11,1040806,1038007,2078813,369057,367768,736825,1409863,1405775,2815638
MELBOURNE,2015,DEC,12,1042951,1067979,2110930,408817,468826,877643,1451768,1536805,2988573
MELBOURNE,2016,JAN,1,1054336,987466,2041802,479446,415848,895294,1533782,1403314,2937096
MELBOURNE,2016,FEB,2,962294,958670,1920964,409332,354902,764234,1371626,1313572,2685198
MELBOURNE,2016,MAR,3,1040159,1071754,2111913,375712,400070,775782,1415871,1471824,2887695
MELBOURNE,2016,APR,4,1034619,975844,2010463,377543,363931,741474,1412162,1339775,2751937
MELBOURNE,2016,MAY,5,965286,979592,1944878,329015,361483,690498,1294301,1341075,2635376
MELBOURNE,2016,JUN,6,934008,983208,1917216,344024,421392,765416,1278032,1404600,2682632
MELBOURNE,2016,JUL,7,1099867,1051762,2151629,473996,402026,876022,1573863,1453788,3027651
MELBOURNE,2016,AUG,8,1007425,1007861,2015286,387190,393644,780834,1394615,1401505,2796120
MELBOURNE,2016,SEP,9,1059435,1055705,2115140,407615,395718,803333,1467050,1451423,2918473
MELBOURNE,2016,OCT,10,1093450,1100268,2193718,439964,373475,813439,1533414,1473743,3007157
MELBOURNE,2016,NOV,11,1081488,1066390,2147878,386213,394006,780219,1467701,1460396,2928097
MELBOURNE,2016,DEC,12,1063853,1097863,2161716,444950,511091,956041,1508803,1608954,3117757
MELBOURNE,2017,JAN,1,1090953,1037134,2128087,523394,456706,980100,1614347,1493840,3108187
MELBOURNE,2017,FEB,2,936529,925300,1861829,424162,354176,778338,1360691,1279476,2640167
MELBOURNE,2017,MAR,3,1067607,1069795,2137402,388096,397069,785165,1455703,1466864,2922567
MELBOURNE,2017,APR,4,1046704,1038005,2084709,421407,426800,848207,1468111,1464805,2932916
MELBOURNE,2017,MAY,5,982991,993236,1976227,355754,384545,740299,1338745,1377781,2716526
MELBOURNE,2017,JUN,6,966297,988130,1954427,368104,439357,807461,1334401,1427487,2761888
MELBOURNE,2017,JUL,7,1109391,1101270,2210661,498958,427923,926881,1608349,1529193,3137542
MELBOURNE,2017,AUG,8,1032519,1026705,2059224,417818,422697,840515,1450337,1449402,2899739
MELBOURNE,2017,SEP,9,1047892,1061680,2109572,428355,438578,866933,1476247,1500258,2976505
MELBOURNE,2017,OCT,10,1156852,1133498,2290350,486720,396510,883230,1643572,1530008,3173580
MELBOURNE,2017,NOV,11,1115131,1106079,2221210,419680,431707,851387,1534811,1537786,3072597
MELBOURNE,2017,DEC,12,1083418,1118622,2202040,478099,537167,1015266,1561517,1655789,3217306
MELBOURNE,2018,JAN,1,1109308,1061660,2170968,547626,473098,1020724,1656934,1534758,3191692
MELBOURNE,2018,FEB,2,968029,959519,1927548,469329,401858,871187,1437358,1361377,2798735
MELBOURNE,2018,MAR,3,1098311,1128272,2226583,445563,464345,909908,1543874,1592617,3136491
MELBOURNE,2018,APR,4,1084246,1051772,2136018,453020,441242,894262,1537266,1493014,3030280
MELBOURNE,2018,MAY,5,1000156,1007655,2007811,387395,413425,800820,1387551,1421080,2808631
MELBOURNE,2018,JUN,6,962605,1010009,1972614,410590,492367,902957,1373195,1502376,2875571
MELBOURNE,2018,JUL,7,1149198,1116250,2265448,538582,455634,994216,1687780,1571884,3259664
MELBOURNE,2018,AUG,8,1074421,1068580,2143001,464566,473550,938116,1538987,1542130,3081117
MELBOURNE,2018,SEP,9,1057707,1073931,2131638,471762,479739,951501,1529469,1553670,3083139
MELBOURNE,2018,OCT,10,1166132,1142931,2309063,523788,436520,960308,1689920,1579451,3269371
MELBOURNE,2018,NOV,11,1117298,1107531,2224829,461965,473126,935091,1579263,1580657,3159920
MELBOURNE,2018,DEC,12,1066835,1110389,2177224,481836,562958,1044794,1548671,1673347,3222018
MELBOURNE,2019,JAN,1,1121723,1066341,2188064,568799,501288,1070087,1690522,1567629,3258151
MELBOURNE,2019,FEB,2,981359,971364,1952723,483548,405796,889344,1464907,1377160,2842067
MELBOURNE,2019,MAR,3,1086603,1092582,2179185,441993,443824,885817,1528596,1536406,3065002
MELBOURNE,2019,APR,4,1087004,1087168,2174172,454777,480480,935257,1541781,1567648,3109429
MELBOURNE,2019,MAY,5,1010459,1006610,2017069,414406,429113,843519,1424865,1435723,2860588
MELBOURNE,2019,JUN,6,944965,1000243,1945208,413493,488023,901516,1358458,1488266,2846724
MELBOURNE,2019,JUL,7,1142322,1109884,2252206,532482,460719,993201,1674804,1570603,3245407
MELBOURNE,2019,AUG,8,1080083,1074712,2154795,469163,473554,942717,1549246,1548266,3097512
MELBOURNE,2019,SEP,9,1069451,1092161,2161612,459116,468307,927423,1528567,1560468,3089035
MELBOURNE,2019,OCT,10,1187346,1159072,2346418,504030,427549,931579,1691376,1586621,3277997
MELBOURNE,2019,NOV,11,1122505,1098922,2221427,460493,466560,927053,1582998,1565482,3148480
MELBOURNE,2019,DEC,12,1084222,1138546,2222768,495779,575352,1071131,1580001,1713898,3293899
MELBOURNE,2020,JAN,1,1116371,1053603,2169974,581276,514803,1096079,1697647,1568406,3266053
MELBOURNE,2020,FEB,2,921157,934726,1855883,408642,334254,742896,1329799,1268980,2598779
MELBOURNE,2020,MAR,3,624922,619391,1244313,244268,227490,471758,869190,846881,1716071
MELBOURNE,2020,APR,4,20061,21697,41758,5448,12355,17803,25509,34052,59561
MELBOURNE,2020,MAY,5,29128,28400,57528,5643,9003,14646,34771,37403,72174
MELBOURNE,2020,JUN,6,60190,62328,122518,6431,9456,15887,66621,71784,138405
MELBOURNE,2020,JUL,7,29537,31636,61173,49,12705,12754,29586,44341,73927
MELBOURNE,2020,AUG,8,6854,13444,20298,0,14761,14761,6854,28205,35059
NEWCASTLE,2015,JAN,1,45820,47358,93178,0,0,0,45820,47358,93178
NEWCASTLE,2015,FEB,2,39828,40397,80225,0,0,0,39828,40397,80225
NEWCASTLE,2015,MAR,3,46998,46902,93900,0,0,0,46998,46902,93900
NEWCASTLE,2015,APR,4,46382,46468,92850,0,0,0,46382,46468,92850
NEWCASTLE,2015,MAY,5,46585,46832,93417,0,0,0,46585,46832,93417
NEWCASTLE,2015,JUN,6,45252,45669,90921,0,0,0,45252,45669,90921
NEWCASTLE,2015,JUL,7,51791,52088,103879,0,0,0,51791,52088,103879
NEWCASTLE,2015,AUG,8,48158,47567,95725,0,0,0,48158,47567,95725
NEWCASTLE,2015,SEP,9,49787,50528,100315,0,0,0,49787,50528,100315
NEWCASTLE,2015,OCT,10,53226,53114,106340,0,0,0,53226,53114,106340
NEWCASTLE,2015,NOV,11,49346,50066,99412,0,0,0,49346,50066,99412
NEWCASTLE,2015,DEC,12,50922,49590,100512,0,0,0,50922,49590,100512
NEWCASTLE,2016,JAN,1,46952,48275,95227,0,0,0,46952,48275,95227
NEWCASTLE,2016,FEB,2,44280,45153,89433,0,0,0,44280,45153,89433
NEWCASTLE,2016,MAR,3,50766,50326,101092,0,0,0,50766,50326,101092
NEWCASTLE,2016,APR,4,46121,48685,94806,0,0,0,46121,48685,94806
NEWCASTLE,2016,MAY,5,47968,47961,95929,0,0,0,47968,47961,95929
NEWCASTLE,2016,JUN,6,46132,46062,92194,0,0,0,46132,46062,92194
NEWCASTLE,2016,JUL,7,52867,53175,106042,0,0,0,52867,53175,106042
NEWCASTLE,2016,AUG,8,50653,50216,100869,0,0,0,50653,50216,100869
NEWCASTLE,2016,SEP,9,53555,54507,108062,0,0,0,53555,54507,108062
NEWCASTLE,2016,OCT,10,57411,56414,113825,0,0,0,57411,56414,113825
NEWCASTLE,2016,NOV,11,52703,53000,105703,0,0,0,52703,53000,105703
NEWCASTLE,2016,DEC,12,54559,53371,107930,0,0,0,54559,53371,107930
NEWCASTLE,2017,JAN,1,54287,54089,108376,0,0,0,54287,54089,108376
NEWCASTLE,2017,FEB,2,44928,44996,89924,0,0,0,44928,44996,89924
NEWCASTLE,2017,MAR,3,51795,52664,104459,0,0,0,51795,52664,104459
NEWCASTLE,2017,APR,4,54660,53913,108573,0,0,0,54660,53913,108573
NEWCASTLE,2017,MAY,5,49583,50483,100066,0,0,0,49583,50483,100066
NEWCASTLE,2017,JUN,6,47872,47860,95732,0,0,0,47872,47860,95732
NEWCASTLE,2017,JUL,7,54242,54374,108616,0,0,0,54242,54374,108616
NEWCASTLE,2017,AUG,8,49586,49587,99173,0,0,0,49586,49587,99173
NEWCASTLE,2017,SEP,9,54789,55360,110149,0,0,0,54789,55360,110149
NEWCASTLE,2017,OCT,10,58070,58060,116130,0,0,0,58070,58060,116130
NEWCASTLE,2017,NOV,11,55762,55651,111413,0,0,0,55762,55651,111413
NEWCASTLE,2017,DEC,12,56807,55893,112700,0,0,0,56807,55893,112700
NEWCASTLE,2018,JAN,1,52052,52721,104773,0,0,0,52052,52721,104773
NEWCASTLE,2018,FEB,2,46282,46490,92772,0,0,0,46282,46490,92772
NEWCASTLE,2018,MAR,3,53843,53255,107098,0,0,0,53843,53255,107098
NEWCASTLE,2018,APR,4,51911,53359,105270,0,0,0,51911,53359,105270
NEWCASTLE,2018,MAY,5,51059,50825,101884,0,0,0,51059,50825,101884
NEWCASTLE,2018,JUN,6,47515,47511,95026,0,0,0,47515,47511,95026
NEWCASTLE,2018,JUL,7,54305,54782,109087,0,0,0,54305,54782,109087
NEWCASTLE,2018,AUG,8,51834,51579,103413,0,0,0,51834,51579,103413
NEWCASTLE,2018,SEP,9,50936,50634,101570,0,0,0,50936,50634,101570
NEWCASTLE,2018,OCT,10,55775,56109,111884,0,0,0,55775,56109,111884
NEWCASTLE,2018,NOV,11,55787,56252,112039,295,279,574,56082,56531,112613
NEWCASTLE,2018,DEC,12,53528,52785,106313,1004,1162,2166,54532,53947,108479
NEWCASTLE,2019,JAN,1,53197,53766,106963,1575,1278,2853,54772,55044,109816
NEWCASTLE,2019,FEB,2,45697,46100,91797,619,475,1094,46316,46575,92891
NEWCASTLE,2019,MAR,3,53342,53523,106865,0,0,0,53342,53523,106865
NEWCASTLE,2019,APR,4,53436,53930,107366,0,0,0,53436,53930,107366
NEWCASTLE,2019,MAY,5,51067,51398,102465,0,0,0,51067,51398,102465
NEWCASTLE,2019,JUN,6,49209,48677,97886,0,0,0,49209,48677,97886
NEWCASTLE,2019,JUL,7,54497,55290,109787,0,0,0,54497,55290,109787
NEWCASTLE,2019,AUG,8,52640,51999,104639,0,0,0,52640,51999,104639
NEWCASTLE,2019,SEP,9,53249,53411,106660,0,0,0,53249,53411,106660
NEWCASTLE,2019,OCT,10,59321,59179,118500,0,0,0,59321,59179,118500
NEWCASTLE,2019,NOV,11,55892,55878,111770,265,364,629,56157,56242,112399
NEWCASTLE,2019,DEC,12,53867,52369,106236,1225,1323,2548,55092,53692,108784
NEWCASTLE,2020,JAN,1,52332,52937,105269,1665,1425,3090,53997,54362,108359
NEWCASTLE,2020,FEB,2,46233,46207,92440,625,479,1104,46858,46686,93544
NEWCASTLE,2020,MAR,3,31344,30200,61544,0,0,0,31344,30200,61544
NEWCASTLE,2020,APR,4,247,189,436,0,0,0,247,189,436
NEWCASTLE,2020,MAY,5,202,203,405,0,0,0,202,203,405
NEWCASTLE,2020,JUN,6,1087,1016,2103,0,0,0,1087,1016,2103
NEWCASTLE,2020,JUL,7,7474,8291,15765,0,0,0,7474,8291,15765
NEWCASTLE,2020,AUG,8,3077,2296,5373,0,0,0,3077,2296,5373
PERTH,2015,JAN,1,351624,358420,710044,238626,184382,423008,590250,542802,1133052
PERTH,2015,FEB,2,302620,312158,614778,169685,144653,314338,472305,456811,929116
PERTH,2015,MAR,3,359400,351127,710527,160418,167454,327872,519818,518581,1038399
PERTH,2015,APR,4,363209,360074,723283,168302,173956,342258,531511,534030,1065541
PERTH,2015,MAY,5,331242,334104,665346,143271,158138,301409,474513,492242,966755
PERTH,2015,JUN,6,334331,315818,650149,147906,177716,325622,482237,493534,975771
PERTH,2015,JUL,7,373233,391420,764653,204453,182039,386492,577686,573459,1151145
PERTH,2015,AUG,8,345804,339311,685115,168066,167076,335142,513870,506387,1020257
PERTH,2015,SEP,9,345190,354353,699543,175801,178626,354427,520991,532979,1053970
PERTH,2015,OCT,10,376349,371879,748228,201257,159865,361122,577606,531744,1109350
PERTH,2015,NOV,11,350883,348296,699179,161118,156852,317970,512001,505148,1017149
PERTH,2015,DEC,12,366185,364502,730687,177833,225340,403173,544018,589842,1133860
PERTH,2016,JAN,1,339718,348882,688600,239957,194026,433983,579675,542908,1122583
PERTH,2016,FEB,2,298463,306771,605234,183022,150969,333991,481485,457740,939225
PERTH,2016,MAR,3,351129,344678,695807,169100,174373,343473,520229,519051,1039280
PERTH,2016,APR,4,339551,343860,683411,172768,180423,353191,512319,524283,1036602
PERTH,2016,MAY,5,323448,324678,648126,149078,158887,307965,472526,483565,956091
PERTH,2016,JUN,6,319153,317203,636356,153342,186840,340182,472495,504043,976538
PERTH,2016,JUL,7,345310,359636,704946,217460,185918,403378,562770,545554,1108324
PERTH,2016,AUG,8,333833,330911,664744,172310,168899,341209,506143,499810,1005953
PERTH,2016,SEP,9,345591,347858,693449,187478,191734,379212,533069,539592,1072661
PERTH,2016,OCT,10,353502,358906,712408,212243,166592,378835,565745,525498,1091243
PERTH,2016,NOV,11,336632,340980,677612,168867,172050,340917,505499,513030,1018529
PERTH,2016,DEC,12,361956,352837,714793,188630,234209,422839,550586,587046,1137632
PERTH,2017,JAN,1,337758,352883,690641,239999,196653,436652,577757,549536,1127293
PERTH,2017,FEB,2,281671,288163,569834,181235,146779,328014,462906,434942,897848
PERTH,2017,MAR,3,331228,332182,663410,168813,174935,343748,500041,507117,1007158
PERTH,2017,APR,4,335208,333755,668963,185833,193652,379485,521041,527407,1048448
PERTH,2017,MAY,5,318488,324138,642626,155396,165738,321134,473884,489876,963760
PERTH,2017,JUN,6,310500,312126,622626,158255,190155,348410,468755,502281,971036
PERTH,2017,JUL,7,348994,352709,701703,211701,182304,394005,560695,535013,1095708
PERTH,2017,AUG,8,329875,328372,658247,174162,171298,345460,504037,499670,1003707
PERTH,2017,SEP,9,330208,335505,665713,183141,189091,372232,513349,524596,1037945
PERTH,2017,OCT,10,356818,357901,714719,209573,167158,376731,566391,525059,1091450
PERTH,2017,NOV,11,340894,340217,681111,166263,164421,330684,507157,504638,1011795
PERTH,2017,DEC,12,359066,346366,705432,183881,225031,408912,542947,571397,1114344
PERTH,2018,JAN,1,338970,354520,693490,230724,190208,420932,569694,544728,1114422
PERTH,2018,FEB,2,293234,294222,587456,173590,147109,320699,466824,441331,908155
PERTH,2018,MAR,3,347889,339031,686920,172623,178886,351509,520512,517917,1038429
PERTH,2018,APR,4,338271,345743,684014,171396,184847,356243,509667,530590,1040257
PERTH,2018,MAY,5,332088,332706,664794,156686,164906,321592,488774,497612,986386
PERTH,2018,JUN,6,310124,310390,620514,160492,195155,355647,470616,505545,976161
PERTH,2018,JUL,7,356414,360646,717060,216000,180045,396045,572414,540691,1113105
PERTH,2018,AUG,8,334133,329291,663424,178516,178586,357102,512649,507877,1020526
PERTH,2018,SEP,9,339438,345477,684915,182920,187834,370754,522358,533311,1055669
PERTH,2018,OCT,10,367669,363399,731068,199858,160469,360327,567527,523868,1091395
PERTH,2018,NOV,11,346125,341988,688113,168215,169049,337264,514340,511037,1025377
PERTH,2018,DEC,12,353421,336559,689980,187566,230291,417857,540987,566850,1107837
PERTH,2019,JAN,1,333792,355008,688800,230405,191656,422061,564197,546664,1110861
PERTH,2019,FEB,2,292431,290188,582619,177469,147449,324918,469900,437637,907537
PERTH,2019,MAR,3,327527,324347,651874,163843,169358,333201,491370,493705,985075
PERTH,2019,APR,4,344871,346786,691657,171753,185698,357451,516624,532484,1049108
PERTH,2019,MAY,5,329652,330261,659913,158107,163144,321251,487759,493405,981164
PERTH,2019,JUN,6,315356,306689,622045,155018,180664,335682,470374,487353,957727
PERTH,2019,JUL,7,362677,370477,733154,203301,180135,383436,565978,550612,1116590
PERTH,2019,AUG,8,343016,336164,679180,180370,178650,359020,523386,514814,1038200
PERTH,2019,SEP,9,339702,339996,679698,180961,185024,365985,520663,525020,1045683
PERTH,2019,OCT,10,377209,376475,753684,205797,171561,377358,583006,548036,1131042
PERTH,2019,NOV,11,348086,343342,691428,180935,176849,357784,529021,520191,1049212
PERTH,2019,DEC,12,367525,348759,716284,190795,234238,425033,558320,582997,1141317
PERTH,2020,JAN,1,336945,359009,695954,238157,204575,442732,575102,563584,1138686
PERTH,2020,FEB,2,297652,300717,598369,169482,135267,304749,467134,435984,903118
PERTH,2020,MAR,3,233956,226081,460037,93680,84820,178500,327636,310901,638537
PERTH,2020,APR,4,17595,17136,34731,1696,5422,7118,19291,22558,41849
PERTH,2020,MAY,5,15780,17204,32984,1141,2285,3426,16921,19489,36410
PERTH,2020,JUN,6,29887,31756,61643,1652,2469,4121,31539,34225,65764
PERTH,2020,JUL,7,53442,55274,108716,2702,3866,6568,56144,59140,115284
PERTH,2020,AUG,8,58156,59012,117168,2038,4142,6180,60194,63154,123348
ROCKHAMPTON,2015,JAN,1,23029,21618,44647,0,0,0,23029,21618,44647
ROCKHAMPTON,2015,FEB,2,19713,19899,39612,0,0,0,19713,19899,39612
ROCKHAMPTON,2015,MAR,3,27755,27804,55559,0,0,0,27755,27804,55559
ROCKHAMPTON,2015,APR,4,26068,26228,52296,0,0,0,26068,26228,52296
ROCKHAMPTON,2015,MAY,5,27726,28056,55782,0,0,0,27726,28056,55782
ROCKHAMPTON,2015,JUN,6,26538,26217,52755,0,0,0,26538,26217,52755
ROCKHAMPTON,2015,JUL,7,27714,28588,56302,0,0,0,27714,28588,56302
ROCKHAMPTON,2015,AUG,8,25644,25817,51461,0,0,0,25644,25817,51461
ROCKHAMPTON,2015,SEP,9,25941,26185,52126,0,0,0,25941,26185,52126
ROCKHAMPTON,2015,OCT,10,26606,26540,53146,0,0,0,26606,26540,53146
ROCKHAMPTON,2015,NOV,11,25321,26155,51476,0,0,0,25321,26155,51476
ROCKHAMPTON,2015,DEC,12,24365,24938,49303,0,0,0,24365,24938,49303
ROCKHAMPTON,2016,JAN,1,20585,19538,40123,0,0,0,20585,19538,40123
ROCKHAMPTON,2016,FEB,2,21204,20977,42181,0,0,0,21204,20977,42181
ROCKHAMPTON,2016,MAR,3,23995,24732,48727,0,0,0,23995,24732,48727
ROCKHAMPTON,2016,APR,4,24289,23917,48206,0,0,0,24289,23917,48206
ROCKHAMPTON,2016,MAY,5,25201,25046,50247,0,0,0,25201,25046,50247
ROCKHAMPTON,2016,JUN,6,24694,24846,49540,0,0,0,24694,24846,49540
ROCKHAMPTON,2016,JUL,7,25130,25466,50596,0,0,0,25130,25466,50596
ROCKHAMPTON,2016,AUG,8,25307,25273,50580,0,0,0,25307,25273,50580
ROCKHAMPTON,2016,SEP,9,26180,26113,52293,0,0,0,26180,26113,52293
ROCKHAMPTON,2016,OCT,10,25428,25446,50874,0,0,0,25428,25446,50874
ROCKHAMPTON,2016,NOV,11,24719,25047,49766,0,0,0,24719,25047,49766
ROCKHAMPTON,2016,DEC,12,25262,25852,51114,0,0,0,25262,25852,51114
ROCKHAMPTON,2017,JAN,1,21665,20165,41830,0,0,0,21665,20165,41830
ROCKHAMPTON,2017,FEB,2,21090,20902,41992,0,0,0,21090,20902,41992
ROCKHAMPTON,2017,MAR,3,24218,25245,49463,0,0,0,24218,25245,49463
ROCKHAMPTON,2017,APR,4,15131,14976,30107,0,0,0,15131,14976,30107
ROCKHAMPTON,2017,MAY,5,24313,24516,48829,0,0,0,24313,24516,48829
ROCKHAMPTON,2017,JUN,6,24567,23905,48472,0,0,0,24567,23905,48472
ROCKHAMPTON,2017,JUL,7,26291,26769,53060,0,0,0,26291,26769,53060
ROCKHAMPTON,2017,AUG,8,25111,24886,49997,0,0,0,25111,24886,49997
ROCKHAMPTON,2017,SEP,9,25076,24912,49988,0,0,0,25076,24912,49988
ROCKHAMPTON,2017,OCT,10,25201,25683,50884,0,0,0,25201,25683,50884
ROCKHAMPTON,2017,NOV,11,23202,23451,46653,0,0,0,23202,23451,46653
ROCKHAMPTON,2017,DEC,12,22595,22644,45239,0,0,0,22595,22644,45239
ROCKHAMPTON,2018,JAN,1,21014,19404,40418,0,0,0,21014,19404,40418
ROCKHAMPTON,2018,FEB,2,19329,19416,38745,0,0,0,19329,19416,38745
ROCKHAMPTON,2018,MAR,3,23895,23665,47560,0,0,0,23895,23665,47560
ROCKHAMPTON,2018,APR,4,21851,21368,43219,0,0,0,21851,21368,43219
ROCKHAMPTON,2018,MAY,5,26196,25796,51992,0,0,0,26196,25796,51992
ROCKHAMPTON,2018,JUN,6,22731,23045,45776,0,0,0,22731,23045,45776
ROCKHAMPTON,2018,JUL,7,23750,23741,47491,0,0,0,23750,23741,47491
ROCKHAMPTON,2018,AUG,8,25001,25028,50029,0,0,0,25001,25028,50029
ROCKHAMPTON,2018,SEP,9,22995,23668,46663,0,0,0,22995,23668,46663
ROCKHAMPTON,2018,OCT,10,24857,24440,49297,0,0,0,24857,24440,49297
ROCKHAMPTON,2018,NOV,11,22684,23271,45955,0,0,0,22684,23271,45955
ROCKHAMPTON,2018,DEC,12,21740,22711,44451,0,0,0,21740,22711,44451
ROCKHAMPTON,2019,JAN,1,21021,19909,40930,0,0,0,21021,19909,40930
ROCKHAMPTON,2019,FEB,2,20247,20267,40514,0,0,0,20247,20267,40514
ROCKHAMPTON,2019,MAR,3,23204,23353,46557,0,0,0,23204,23353,46557
ROCKHAMPTON,2019,APR,4,22961,22699,45660,0,0,0,22961,22699,45660
ROCKHAMPTON,2019,MAY,5,24496,24526,49022,0,0,0,24496,24526,49022
ROCKHAMPTON,2019,JUN,6,23208,22846,46054,0,0,0,23208,22846,46054
ROCKHAMPTON,2019,JUL,7,27086,27017,54103,0,0,0,27086,27017,54103
ROCKHAMPTON,2019,AUG,8,24649,25631,50280,0,0,0,24649,25631,50280
ROCKHAMPTON,2019,SEP,9,25279,24781,50060,0,0,0,25279,24781,50060
ROCKHAMPTON,2019,OCT,10,26365,26282,52647,0,0,0,26365,26282,52647
ROCKHAMPTON,2019,NOV,11,23925,24665,48590,0,0,0,23925,24665,48590
ROCKHAMPTON,2019,DEC,12,23304,23822,47126,0,0,0,23304,23822,47126
ROCKHAMPTON,2020,JAN,1,21682,20775,42457,0,0,0,21682,20775,42457
ROCKHAMPTON,2020,FEB,2,20718,20712,41430,0,0,0,20718,20712,41430
ROCKHAMPTON,2020,MAR,3,16383,15076,31459,0,0,0,16383,15076,31459
ROCKHAMPTON,2020,APR,4,1234,1271,2505,0,0,0,1234,1271,2505
ROCKHAMPTON,2020,MAY,5,2071,2088,4159,0,0,0,2071,2088,4159
ROCKHAMPTON,2020,JUN,6,4595,4698,9293,0,0,0,4595,4698,9293
ROCKHAMPTON,2020,JUL,7,8535,8745,17280,0,0,0,8535,8745,17280
ROCKHAMPTON,2020,AUG,8,8972,9209,18181,0,0,0,8972,9209,18181
SUNSHINE COAST,2015,JAN,1,37890,42048,79938,0,0,0,37890,42048,79938
SUNSHINE COAST,2015,FEB,2,26196,25986,52182,0,0,0,26196,25986,52182
SUNSHINE COAST,2015,MAR,3,32867,31577,64444,0,0,0,32867,31577,64444
SUNSHINE COAST,2015,APR,4,36413,38432,74845,0,0,0,36413,38432,74845
SUNSHINE COAST,2015,MAY,5,29833,30090,59923,0,0,0,29833,30090,59923
SUNSHINE COAST,2015,JUN,6,33566,31083,64649,277,164,441,33843,31247,65090
SUNSHINE COAST,2015,JUL,7,39430,40072,79502,1771,1381,3152,41201,41453,82654
SUNSHINE COAST,2015,AUG,8,37099,37056,74155,1625,1570,3195,38724,38626,77350
SUNSHINE COAST,2015,SEP,9,44012,41811,85823,1643,1593,3236,45655,43404,89059
SUNSHINE COAST,2015,OCT,10,43308,45063,88371,1104,1133,2237,44412,46196,90608
SUNSHINE COAST,2015,NOV,11,39106,40016,79122,0,0,0,39106,40016,79122
SUNSHINE COAST,2015,DEC,12,43719,41433,85152,636,701,1337,44355,42134,86489
SUNSHINE COAST,2016,JAN,1,42454,47148,89602,1157,1031,2188,43611,48179,91790
SUNSHINE COAST,2016,FEB,2,31549,31537,63086,799,791,1590,32348,32328,64676
SUNSHINE COAST,2016,MAR,3,38086,37653,75739,0,0,0,38086,37653,75739
SUNSHINE COAST,2016,APR,4,40425,41283,81708,0,0,0,40425,41283,81708
SUNSHINE COAST,2016,MAY,5,34073,34407,68480,0,0,0,34073,34407,68480
SUNSHINE COAST,2016,JUN,6,36604,33840,70444,0,0,0,36604,33840,70444
SUNSHINE COAST,2016,JUL,7,45489,45561,91050,2074,1472,3546,47563,47033,94596
SUNSHINE COAST,2016,AUG,8,38254,38622,76876,1740,1512,3252,39994,40134,80128
SUNSHINE COAST,2016,SEP,9,46247,44443,90690,1894,1746,3640,48141,46189,94330
SUNSHINE COAST,2016,OCT,10,47646,48922,96568,1663,1627,3290,49309,50549,99858
SUNSHINE COAST,2016,NOV,11,44417,46669,91086,0,0,0,44417,46669,91086
SUNSHINE COAST,2016,DEC,12,50172,47251,97423,0,0,0,50172,47251,97423
SUNSHINE COAST,2017,JAN,1,49190,53993,103183,0,0,0,49190,53993,103183
SUNSHINE COAST,2017,FEB,2,34293,34971,69264,0,0,0,34293,34971,69264
SUNSHINE COAST,2017,MAR,3,40638,40397,81035,0,0,0,40638,40397,81035
SUNSHINE COAST,2017,APR,4,50593,50278,100871,0,0,0,50593,50278,100871
SUNSHINE COAST,2017,MAY,5,37113,37748,74861,0,0,0,37113,37748,74861
SUNSHINE COAST,2017,JUN,6,38577,36242,74819,0,0,0,38577,36242,74819
SUNSHINE COAST,2017,JUL,7,50839,49711,100550,1948,1355,3303,52787,51066,103853
SUNSHINE COAST,2017,AUG,8,42229,43299,85528,1776,1463,3239,44005,44762,88767
SUNSHINE COAST,2017,SEP,9,51975,48898,100873,1839,1731,3570,53814,50629,104443
SUNSHINE COAST,2017,OCT,10,53541,57037,110578,1882,1725,3607,55423,58762,114185
SUNSHINE COAST,2017,NOV,11,49954,51052,101006,0,0,0,49954,51052,101006
SUNSHINE COAST,2017,DEC,12,57051,53346,110397,0,0,0,57051,53346,110397
SUNSHINE COAST,2018,JAN,1,56675,62979,119654,0,0,0,56675,62979,119654
SUNSHINE COAST,2018,FEB,2,39789,40298,80087,0,0,0,39789,40298,80087
SUNSHINE COAST,2018,MAR,3,48749,46397,95146,0,0,0,48749,46397,95146
SUNSHINE COAST,2018,APR,4,50703,52628,103331,0,0,0,50703,52628,103331
SUNSHINE COAST,2018,MAY,5,41866,42680,84546,0,0,0,41866,42680,84546
SUNSHINE COAST,2018,JUN,6,42877,40596,83473,0,0,0,42877,40596,83473
SUNSHINE COAST,2018,JUL,7,55230,54396,109626,1943,1380,3323,57173,55776,112949
SUNSHINE COAST,2018,AUG,8,51496,51623,103119,2175,1991,4166,53671,53614,107285
SUNSHINE COAST,2018,SEP,9,55141,53132,108273,1918,1727,3645,57059,54859,111918
SUNSHINE COAST,2018,OCT,10,56206,58514,114720,1583,1586,3169,57789,60100,117889
SUNSHINE COAST,2018,NOV,11,53067,53467,106534,0,0,0,53067,53467,106534
SUNSHINE COAST,2018,DEC,12,57912,54181,112093,0,0,0,57912,54181,112093
SUNSHINE COAST,2019,JAN,1,55988,61362,117350,0,0,0,55988,61362,117350
SUNSHINE COAST,2019,FEB,2,38801,39935,78736,0,0,0,38801,39935,78736
SUNSHINE COAST,2019,MAR,3,48596,47462,96058,0,0,0,48596,47462,96058
SUNSHINE COAST,2019,APR,4,57922,57602,115524,0,0,0,57922,57602,115524
SUNSHINE COAST,2019,MAY,5,45297,45610,90907,0,0,0,45297,45610,90907
SUNSHINE COAST,2019,JUN,6,46464,43854,90318,0,0,0,46464,43854,90318
SUNSHINE COAST,2019,JUL,7,57693,57053,114746,1830,1209,3039,59523,58262,117785
SUNSHINE COAST,2019,AUG,8,52112,51992,104104,1994,1631,3625,54106,53623,107729
SUNSHINE COAST,2019,SEP,9,59157,56402,115559,2012,1844,3856,61169,58246,119415
SUNSHINE COAST,2019,OCT,10,59624,62335,121959,1252,1312,2564,60876,63647,124523
SUNSHINE COAST,2019,NOV,11,54862,55816,110678,0,0,0,54862,55816,110678
SUNSHINE COAST,2019,DEC,12,58993,55020,114013,0,0,0,58993,55020,114013
SUNSHINE COAST,2020,JAN,1,49802,53319,103121,0,0,0,49802,53319,103121
SUNSHINE COAST,2020,FEB,2,40821,41262,82083,0,0,0,40821,41262,82083
SUNSHINE COAST,2020,MAR,3,30794,31890,62684,0,0,0,30794,31890,62684
SUNSHINE COAST,2020,APR,4,0,0,0,0,0,0,0,0,0
SUNSHINE COAST,2020,MAY,5,0,0,0,0,0,0,0,0,0
SUNSHINE COAST,2020,JUN,6,0,0,0,0,0,0,0,0,0
SUNSHINE COAST,2020,JUL,7,4595,4152,8747,0,0,0,4595,4152,8747
SUNSHINE COAST,2020,AUG,8,1032,1717,2749,0,0,0,1032,1717,2749
SYDNEY,2015,JAN,1,1039522,1046901,2086423,711721,614666,1326387,1751243,1661567,3412810
SYDNEY,2015,FEB,2,973110,970584,1943694,563101,503262,1066363,1536211,1473846,3010057
SYDNEY,2015,MAR,3,1105157,1095693,2200850,557245,579473,1136718,1662402,1675166,3337568
SYDNEY,2015,APR,4,1056659,1058151,2114810,547174,551891,1099065,1603833,1610042,3213875
SYDNEY,2015,MAY,5,1029545,1017224,2046769,488608,519255,1007863,1518153,1536479,3054632
SYDNEY,2015,JUN,6,983350,995667,1979017,487652,572404,1060056,1471002,1568071,3039073
SYDNEY,2015,JUL,7,1134247,1139638,2273885,643544,567433,1210977,1777791,1707071,3484862
SYDNEY,2015,AUG,8,1080332,1065663,2145995,553594,567291,1120885,1633926,1632954,3266880
SYDNEY,2015,SEP,9,1087857,1109278,2197135,572834,579569,1152403,1660691,1688847,3349538
SYDNEY,2015,OCT,10,1176002,1166705,2342707,639213,552224,1191437,1815215,1718929,3534144
SYDNEY,2015,NOV,11,1135940,1126558,2262498,570432,579909,1150341,1706372,1706467,3412839
SYDNEY,2015,DEC,12,1157667,1146169,2303836,643342,745391,1388733,1801009,1891560,3692569
SYDNEY,2016,JAN,1,1104447,1113703,2218150,781878,675908,1457786,1886325,1789611,3675936
SYDNEY,2016,FEB,2,1056881,1054242,2111123,636639,567917,1204556,1693520,1622159,3315679
SYDNEY,2016,MAR,3,1162751,1135735,2298486,601343,625198,1226541,1764094,1760933,3525027
SYDNEY,2016,APR,4,1105980,1120670,2226650,602761,612185,1214946,1708741,1732855,3441596
SYDNEY,2016,MAY,5,1072295,1055096,2127391,526968,555830,1082798,1599263,1610926,3210189
SYDNEY,2016,JUN,6,1032639,1022740,2055379,524116,616675,1140791,1556755,1639415,3196170
SYDNEY,2016,JUL,7,1154741,1177544,2332285,719961,627148,1347109,1874702,1804692,3679394
SYDNEY,2016,AUG,8,1112898,1096154,2209052,601925,608827,1210752,1714823,1704981,3419804
SYDNEY,2016,SEP,9,1125415,1159911,2285326,617389,630118,1247507,1742804,1790029,3532833
SYDNEY,2016,OCT,10,1202970,1174544,2377514,693223,588318,1281541,1896193,1762862,3659055
SYDNEY,2016,NOV,11,1170274,1167166,2337440,605826,622927,1228753,1776100,1790093,3566193
SYDNEY,2016,DEC,12,1162146,1165002,2327148,681661,787236,1468897,1843807,1952238,3796045
SYDNEY,2017,JAN,1,1127330,1128197,2255527,835438,724531,1559969,1962768,1852728,3815496
SYDNEY,2017,FEB,2,1029813,1028231,2058044,655651,570218,1225869,1685464,1598449,3283913
SYDNEY,2017,MAR,3,1174197,1156629,2330826,614723,629062,1243785,1788920,1785691,3574611
SYDNEY,2017,APR,4,1120311,1122762,2243073,664691,681401,1346092,1785002,1804163,3589165
SYDNEY,2017,MAY,5,1095571,1085506,2181077,562979,593638,1156617,1658550,1679144,3337694
SYDNEY,2017,JUN,6,1060307,1056841,2117148,569557,673314,1242871,1629864,1730155,3360019
SYDNEY,2017,JUL,7,1180867,1187367,2368234,760491,662542,1423033,1941358,1849909,3791267
SYDNEY,2017,AUG,8,1125981,1110360,2236341,644683,655860,1300543,1770664,1766220,3536884
SYDNEY,2017,SEP,9,1120569,1149275,2269844,657428,669922,1327350,1777997,1819197,3597194
SYDNEY,2017,OCT,10,1234112,1210014,2444126,727017,618485,1345502,1961129,1828499,3789628
SYDNEY,2017,NOV,11,1206765,1204038,2410803,644589,666967,1311556,1851354,1871005,3722359
SYDNEY,2017,DEC,12,1186961,1189870,2376831,720485,834514,1554999,1907446,2024384,3931830
SYDNEY,2018,JAN,1,1153562,1141771,2295333,852699,733634,1586333,2006261,1875405,3881666
SYDNEY,2018,FEB,2,1065983,1071878,2137861,696311,617701,1314012,1762294,1689579,3451873
SYDNEY,2018,MAR,3,1207474,1205485,2412959,676261,692921,1369182,1883735,1898406,3782141
SYDNEY,2018,APR,4,1164271,1149887,2314158,672810,700606,1373416,1837081,1850493,3687574
SYDNEY,2018,MAY,5,1115328,1093690,2209018,605693,624178,1229871,1721021,1717868,3438889
SYDNEY,2018,JUN,6,1075953,1052376,2128329,592992,702206,1295198,1668945,1754582,3423527
SYDNEY,2018,JUL,7,1185423,1217202,2402625,793662,696321,1489983,1979085,1913523,3892608
SYDNEY,2018,AUG,8,1169183,1156881,2326064,675440,686667,1362107,1844623,1843548,3688171
SYDNEY,2018,SEP,9,1127214,1132581,2259795,672762,684833,1357595,1799976,1817414,3617390
SYDNEY,2018,OCT,10,1241043,1241669,2482712,779641,656652,1436293,2020684,1898321,3919005
SYDNEY,2018,NOV,11,1190236,1191362,2381598,663086,684189,1347275,1853322,1875551,3728873
SYDNEY,2018,DEC,12,1155410,1161411,2316821,734848,866372,1601220,1890258,2027783,3918041
SYDNEY,2019,JAN,1,1151296,1138031,2289327,887489,768912,1656401,2038785,1906943,3945728
SYDNEY,2019,FEB,2,1041047,1041948,2082995,707952,612960,1320912,1748999,1654908,3403907
SYDNEY,2019,MAR,3,1168035,1163665,2331700,656438,672111,1328549,1824473,1835776,3660249
SYDNEY,2019,APR,4,1143091,1140011,2283102,681293,719809,1401102,1824384,1859820,3684204
SYDNEY,2019,MAY,5,1112636,1105077,2217713,641103,658543,1299646,1753739,1763620,3517359
SYDNEY,2019,JUN,6,1056674,1037459,2094133,609046,697055,1306101,1665720,1734514,3400234
SYDNEY,2019,JUL,7,1179466,1208057,2387523,758328,692756,1451084,1937794,1900813,3838607
SYDNEY,2019,AUG,8,1154302,1141216,2295518,688054,695834,1383888,1842356,1837050,3679406
SYDNEY,2019,SEP,9,1138830,1146456,2285286,668842,689778,1358620,1807672,1836234,3643906
SYDNEY,2019,OCT,10,1276535,1267353,2543888,759129,665258,1424387,2035664,1932611,3968275
SYDNEY,2019,NOV,11,1190189,1188233,2378422,677641,682256,1359897,1867830,1870489,3738319
SYDNEY,2019,DEC,12,1167955,1180842,2348797,728207,871647,1599854,1896162,2052489,3948651
SYDNEY,2020,JAN,1,1142353,1131604,2273957,877231,775800,1653031,2019584,1907404,3926988
SYDNEY,2020,FEB,2,1003957,983714,1987671,595097,506896,1101993,1599054,1490610,3089664
SYDNEY,2020,MAR,3,657237,661525,1318762,341102,344459,685561,998339,1005984,2004323
SYDNEY,2020,APR,4,28082,20096,48178,7751,33619,41370,35833,53715,89548
SYDNEY,2020,MAY,5,33504,28774,62278,10119,20218,30337,43623,48992,92615
SYDNEY,2020,JUN,6,74605,65547,140152,12537,21934,34471,87142,87481,174623
SYDNEY,2020,JUL,7,134227,140497,274724,12877,29798,42675,147104,170295,317399
SYDNEY,2020,AUG,8,55176,35022,90198,9825,28770,38595,65001,63792,128793
TOWNSVILLE,2015,JAN,1,57879,54030,111909,0,0,0,57879,54030,111909
TOWNSVILLE,2015,FEB,2,48886,49553,98439,0,0,0,48886,49553,98439
TOWNSVILLE,2015,MAR,3,59989,58009,117998,0,0,0,59989,58009,117998
TOWNSVILLE,2015,APR,4,61695,62149,123844,0,0,0,61695,62149,123844
TOWNSVILLE,2015,MAY,5,62664,61362,124026,0,0,0,62664,61362,124026
TOWNSVILLE,2015,JUN,6,63967,63610,127577,0,0,0,63967,63610,127577
TOWNSVILLE,2015,JUL,7,73303,71720,145023,0,0,0,73303,71720,145023
TOWNSVILLE,2015,AUG,8,64519,66566,131085,0,0,0,64519,66566,131085
TOWNSVILLE,2015,SEP,9,66864,67845,134709,1111,1698,2809,67975,69543,137518
TOWNSVILLE,2015,OCT,10,67865,67814,135679,1815,1720,3535,69680,69534,139214
TOWNSVILLE,2015,NOV,11,59754,61357,121111,348,881,1229,60102,62238,122340
TOWNSVILLE,2015,DEC,12,62377,66334,128711,1571,1979,3550,63948,68313,132261
TOWNSVILLE,2016,JAN,1,58001,53823,111824,1864,1370,3234,59865,55193,115058
TOWNSVILLE,2016,FEB,2,49452,48711,98163,1352,1370,2722,50804,50081,100885
TOWNSVILLE,2016,MAR,3,58566,58563,117129,1555,1604,3159,60121,60167,120288
TOWNSVILLE,2016,APR,4,61298,59331,120629,1417,1604,3021,62715,60935,123650
TOWNSVILLE,2016,MAY,5,63397,62570,125967,1685,1933,3618,65082,64503,129585
TOWNSVILLE,2016,JUN,6,64868,64899,129767,1663,2044,3707,66531,66943,133474
TOWNSVILLE,2016,JUL,7,72641,70220,142861,1973,1919,3892,74614,72139,146753
TOWNSVILLE,2016,AUG,8,64208,66056,130264,1609,1800,3409,65817,67856,133673
TOWNSVILLE,2016,SEP,9,66576,68269,134845,1969,1734,3703,68545,70003,138548
TOWNSVILLE,2016,OCT,10,64602,64935,129537,2053,1842,3895,66655,66777,133432
TOWNSVILLE,2016,NOV,11,58528,59861,118389,1523,1763,3286,60051,61624,121675
TOWNSVILLE,2016,DEC,12,61979,66646,128625,1746,2087,3833,63725,68733,132458
TOWNSVILLE,2017,JAN,1,57767,53413,111180,2224,1623,3847,59991,55036,115027
TOWNSVILLE,2017,FEB,2,48518,48312,96830,1677,1594,3271,50195,49906,100101
TOWNSVILLE,2017,MAR,3,56804,58317,115121,1603,1632,3235,58407,59949,118356
TOWNSVILLE,2017,APR,4,64609,62128,126737,2025,2257,4282,66634,64385,131019
TOWNSVILLE,2017,MAY,5,60639,61928,122567,1954,2370,4324,62593,64298,126891
TOWNSVILLE,2017,JUN,6,66427,66254,132681,2106,2123,4229,68533,68377,136910
TOWNSVILLE,2017,JUL,7,76628,73840,150468,2452,2457,4909,79080,76297,155377
TOWNSVILLE,2017,AUG,8,69682,70924,140606,2373,2231,4604,72055,73155,145210
TOWNSVILLE,2017,SEP,9,68660,71256,139916,2197,2368,4565,70857,73624,144481
TOWNSVILLE,2017,OCT,10,70105,69779,139884,2278,2100,4378,72383,71879,144262
TOWNSVILLE,2017,NOV,11,62743,66059,128802,1622,1747,3369,64365,67806,132171
TOWNSVILLE,2017,DEC,12,65924,70774,136698,1467,2055,3522,67391,72829,140220
TOWNSVILLE,2018,JAN,1,62969,57216,120185,2279,2327,4606,65248,59543,124791
TOWNSVILLE,2018,FEB,2,51968,52403,104371,2180,2140,4320,54148,54543,108691
TOWNSVILLE,2018,MAR,3,67182,67984,135166,1744,1355,3099,68926,69339,138265
TOWNSVILLE,2018,APR,4,63974,63336,127310,415,443,858,64389,63779,128168
TOWNSVILLE,2018,MAY,5,66895,67054,133949,263,284,547,67158,67338,134496
TOWNSVILLE,2018,JUN,6,65091,65021,130112,375,318,693,65466,65339,130805
TOWNSVILLE,2018,JUL,7,80489,78946,159435,425,383,808,80914,79329,160243
TOWNSVILLE,2018,AUG,8,72455,74122,146577,354,318,672,72809,74440,147249
TOWNSVILLE,2018,SEP,9,67395,69792,137187,252,332,584,67647,70124,137771
TOWNSVILLE,2018,OCT,10,70570,69634,140204,0,0,0,70570,69634,140204
TOWNSVILLE,2018,NOV,11,63340,65756,129096,0,0,0,63340,65756,129096
TOWNSVILLE,2018,DEC,12,63038,67481,130519,0,0,0,63038,67481,130519
TOWNSVILLE,2019,JAN,1,61344,56845,118189,0,0,0,61344,56845,118189
TOWNSVILLE,2019,FEB,2,50268,49998,100266,0,0,0,50268,49998,100266
TOWNSVILLE,2019,MAR,3,62804,63951,126755,0,0,0,62804,63951,126755
TOWNSVILLE,2019,APR,4,67238,66720,133958,0,0,0,67238,66720,133958
TOWNSVILLE,2019,MAY,5,67451,67615,135066,0,0,0,67451,67615,135066
TOWNSVILLE,2019,JUN,6,68347,66772,135119,0,0,0,68347,66772,135119
TOWNSVILLE,2019,JUL,7,78060,76324,154384,0,0,0,78060,76324,154384
TOWNSVILLE,2019,AUG,8,72244,74283,146527,0,0,0,72244,74283,146527
TOWNSVILLE,2019,SEP,9,71820,73743,145563,0,0,0,71820,73743,145563
TOWNSVILLE,2019,OCT,10,72692,73110,145802,0,0,0,72692,73110,145802
TOWNSVILLE,2019,NOV,11,64379,66370,130749,0,0,0,64379,66370,130749
TOWNSVILLE,2019,DEC,12,67064,71298,138362,0,0,0,67064,71298,138362
TOWNSVILLE,2020,JAN,1,63574,59105,122679,0,0,0,63574,59105,122679
TOWNSVILLE,2020,FEB,2,53546,51590,105136,0,0,0,53546,51590,105136
TOWNSVILLE,2020,MAR,3,44037,43063,87100,0,0,0,44037,43063,87100
TOWNSVILLE,2020,APR,4,3786,4068,7854,0,0,0,3786,4068,7854
TOWNSVILLE,2020,MAY,5,4672,4575,9247,0,0,0,4672,4575,9247
TOWNSVILLE,2020,JUN,6,11330,11590,22920,0,0,0,11330,11590,22920
TOWNSVILLE,2020,JUL,7,28925,27368,56293,0,0,0,28925,27368,56293
TOWNSVILLE,2020,AUG,8,27166,27623,54789,0,0,0,27166,27623,54789
All Australian Airports,2015,JAN,1,4633256,4633256,9266512,1784287,1498628,3282915,6417543,6131884,12549427
All Australian Airports,2015,FEB,2,4185734,4185734,8371468,1410790,1240775,2651565,5596524,5426509,11023033
All Australian Airports,2015,MAR,3,4794620,4794620,9589240,1370140,1432073,2802213,6164760,6226693,12391453
All Australian Airports,2015,APR,4,4725189,4725189,9450378,1361635,1384880,2746515,6086824,6110069,12196893
All Australian Airports,2015,MAY,5,4504507,4504507,9009014,1218186,1309275,2527461,5722693,5813782,11536475
All Australian Airports,2015,JUN,6,4435208,4435208,8870416,1232005,1456587,2688592,5667213,5891795,11559008
All Australian Airports,2015,JUL,7,5116154,5116154,10232308,1649910,1439511,3089421,6766064,6555665,13321729
All Australian Airports,2015,AUG,8,4769923,4769923,9539846,1417242,1453713,2870955,6187165,6223636,12410801
All Australian Airports,2015,SEP,9,4869778,4869778,9739556,1458846,1474613,2933459,6328624,6344391,12673015
All Australian Airports,2015,OCT,10,5161287,5161287,10322574,1631063,1391059,3022122,6792350,6552346,13344696
All Australian Airports,2015,NOV,11,4920137,4920137,9840274,1403347,1420285,2823632,6323484,6340422,12663906
All Australian Airports,2015,DEC,12,5030200,5030200,10060400,1580055,1847744,3427799,6610255,6877944,13488199
All Australian Airports,2016,JAN,1,4794462,4794462,9588924,1918216,1642055,3560271,6712678,6436517,13149195
All Australian Airports,2016,FEB,2,4442706,4442706,8885412,1560626,1375056,2935682,6003332,5817762,11821094
All Australian Airports,2016,MAR,3,4950635,4950635,9901270,1470828,1538489,3009317,6421463,6489124,12910587
All Australian Airports,2016,APR,4,4815450,4815450,9630900,1481132,1478130,2959262,6296582,6293580,12590162
All Australian Airports,2016,MAY,5,4639916,4639916,9279832,1301845,1389018,2690863,5941761,6028934,11970695
All Australian Airports,2016,JUN,6,4580709,4580709,9161418,1330046,1575902,2905948,5910755,6156611,12067366
All Australian Airports,2016,JUL,7,5158404,5158404,10316808,1832875,1574975,3407850,6991279,6733379,13724658
All Australian Airports,2016,AUG,8,4858807,4858807,9717614,1514269,1548743,3063012,6373076,6407550,12780626
All Australian Airports,2016,SEP,9,5031367,5031367,10062734,1583513,1592100,3175613,6614880,6623467,13238347
All Australian Airports,2016,OCT,10,5212134,5212134,10424268,1740278,1485480,3225758,6952412,6697614,13650026
All Australian Airports,2016,NOV,11,5024272,5024272,10048544,1489028,1536531,3025559,6513300,6560803,13074103
All Australian Airports,2016,DEC,12,5110010,5110010,10220020,1691033,1966585,3657618,6801043,7076595,13877638
All Australian Airports,2017,JAN,1,4945306,4945306,9890612,2044464,1757649,3802113,6989770,6702955,13692725
All Australian Airports,2017,FEB,2,4328746,4328746,8657492,1599434,1371201,2970635,5928180,5699947,11628127
All Australian Airports,2017,MAR,3,4973648,4973648,9947296,1509048,1550291,3059339,6482696,6523939,13006635
All Australian Airports,2017,APR,4,4909651,4909651,9819302,1634650,1673176,3307826,6544301,6582827,13127128
All Australian Airports,2017,MAY,5,4714083,4714083,9428166,1391507,1479723,2871230,6105590,6193806,12299396
All Australian Airports,2017,JUN,6,4663457,4663457,9326914,1425247,1669146,3094393,6088704,6332603,12421307
All Australian Airports,2017,JUL,7,5270804,5270804,10541608,1897855,1643059,3540914,7168659,6913863,14082522
All Australian Airports,2017,AUG,8,4949800,4949800,9899600,1607947,1642140,3250087,6557747,6591940,13149687
All Australian Airports,2017,SEP,9,5038526,5038526,10077052,1649934,1680464,3330398,6688460,6718990,13407450
All Australian Airports,2017,OCT,10,5386292,5386292,10772584,1826871,1543057,3369928,7213163,6929349,14142512
All Australian Airports,2017,NOV,11,5183682,5183682,10367364,1571174,1620735,3191909,6754856,6804417,13559273
All Australian Airports,2017,DEC,12,5212132,5212132,10424264,1773170,2053765,3826935,6985302,7265897,14251199
All Australian Airports,2018,JAN,1,5046323,5046323,10092646,2098405,1786996,3885401,7144728,6833319,13978047
All Australian Airports,2018,FEB,2,4506823,4506823,9013646,1697805,1489815,3187620,6204628,5996638,12201266
All Australian Airports,2018,MAR,3,5192899,5192899,10385798,1660037,1710242,3370279,6852936,6903141,13756077
All Australian Airports,2018,APR,4,5042047,5042047,10084094,1664141,1697992,3362133,6706188,6740039,13446227
All Australian Airports,2018,MAY,5,4825550,4825550,9651100,1477266,1549386,3026652,6302816,6374936,12677752
All Australian Airports,2018,JUN,6,4678234,4678234,9356468,1504833,1772073,3276906,6183067,6450307,12633374
All Australian Airports,2018,JUL,7,5399949,5399949,10799898,1994170,1716945,3711115,7394119,7116894,14511013
All Australian Airports,2018,AUG,8,5146214,5146214,10292428,1711828,1757645,3469473,6858042,6903859,13761901
All Australian Airports,2018,SEP,9,5043051,5043051,10086102,1710672,1752050,3462722,6753723,6795101,13548824
All Australian Airports,2018,OCT,10,5455241,5455241,10910482,1925383,1622374,3547757,7380624,7077615,14458239
All Australian Airports,2018,NOV,11,5189215,5189215,10378430,1636769,1687907,3324676,6825984,6877122,13703106
All Australian Airports,2018,DEC,12,5104043,5104043,10208086,1808282,2142297,3950579,6912325,7246340,14158665
All Australian Airports,2019,JAN,1,5030043,5030043,10060086,2187442,1885630,4073072,7217485,6915673,14133158
All Australian Airports,2019,FEB,2,4465621,4465621,8931242,1757525,1499283,3256808,6223146,5964904,12188050
All Australian Airports,2019,MAR,3,5024090,5024090,10048180,1629562,1655711,3285273,6653652,6679801,13333453
All Australian Airports,2019,APR,4,5112777,5112777,10225554,1701680,1801316,3502996,6814457,6914093,13728550
All Australian Airports,2019,MAY,5,4848365,4848365,9696730,1579940,1627989,3207929,6428305,6476354,12904659
All Australian Airports,2019,JUN,6,4669723,4669723,9339446,1545754,1782850,3328604,6215477,6452573,12668050
All Australian Airports,2019,JUL,7,5413049,5413049,10826098,1985113,1750509,3735622,7398162,7163558,14561720
All Australian Airports,2019,AUG,8,5157000,5157000,10314000,1766857,1801853,3568710,6923857,6958853,13882710
All Australian Airports,2019,SEP,9,5148686,5148686,10297372,1721451,1775323,3496774,6870137,6924009,13794146
All Australian Airports,2019,OCT,10,5607945,5607945,11215890,1926829,1660334,3587163,7534774,7268279,14803053
All Australian Airports,2019,NOV,11,5212654,5212654,10425308,1702426,1724008,3426434,6915080,6936662,13851742
All Australian Airports,2019,DEC,12,5217772,5217772,10435544,1846338,2192732,4039070,7064110,7410504,14474614
All Australian Airports,2020,JAN,1,5055479,5055479,10110958,2215508,1938543,4154051,7270987,6994022,14265009
All Australian Airports,2020,FEB,2,4330713,4330713,8661426,1529809,1275620,2805429,5860522,5606333,11466855
All Australian Airports,2020,MAR,3,3049073,3049073,6098146,887482,838247,1725729,3936555,3887320,7823875
All Australian Airports,2020,APR,4,142694,142694,285388,17304,58002,75306,159998,200696,360694
All Australian Airports,2020,MAY,5,169366,169366,338732,18749,34240,52989,188115,203606,391721
All Australian Airports,2020,JUN,6,370155,370155,740310,25244,39591,64835,395399,409746,805145
All Australian Airports,2020,JUL,7,717772,717772,1435544,20016,53835,73851,737788,771607,1509395
All Australian Airports,2020,AUG,8,567014,567014,1134028,15549,56449,71998,582563,623463,1206026
